0,0,1.0004608138275644,-84.95582436213347,-1631.9434362503775,-84.91669357554281
0,1,1.109482807053202,-98.53212664888972,-1541.4563771733506,-88.80906132343961
0,2,1.1373266955987797,-96.08056278928845,-1456.685561015784,-84.47929971317868
0,3,0.9288741989154697,-85.16742529404377,-1336.8417304745885,-91.68886959448666
0,4,0.9694956750721021,-92.3180471169392,-1350.4769219454734,-95.22275291230508
0,5,0.9641047950049529,-89.82572098858618,-1275.4894210940988,-93.17008011367137
0,6,0.840799414162766,-79.63439574801332,-1251.4743224894441,-94.71271554977238
0,7,0.8933682165939628,-79.45870179517388,-1282.7320265481333,-88.94283490195843
0,8,0.9480555199339691,-87.72236802218606,-1206.190149401154,-92.52872450792314
0,9,1.1644837918183106,-95.08121648220518,-1176.8852726144455,-81.65095740296941
0,10,0.9296737721149402,-74.54503902645729,-1129.984879294206,-80.18408312936779
0,11,1.0580166202477193,-86.61209853800469,-1164.9741174696044,-81.86270128509486
0,12,0.8764578798948245,-90.43752961382752,-1143.9084631954681,-103.18525474912734
0,13,1.0563107476909486,-91.74074252235187,-1049.9960028991325,-86.85014587127256
0,14,1.0542513423875237,-86.56278878340734,-1074.1956023047433,-82.1083031180893
0,15,0.997157677022479,-79.5484216259956,-1030.0573144962002,-79.77516842023203
0,16,0.9714016329611542,-85.13922436379663,-1010.0636303405446,-87.64574968261485
0,17,1.0403022203356986,-95.69927771773851,-981.3536141822455,-91.99180377300068
0,18,1.003851595741633,-92.8433144226873,-984.7939271123413,-92.48709153477594
0,19,0.9957585030618217,-84.93469944087809,-945.4966764945916,-85.2964842175241
0,20,1.0303540999148353,-92.39932233943841,-902.4383576542241,-89.67725012893698
0,21,0.971485153606378,-82.21336958725499,-916.043290162646,-84.62648068481532
0,22,1.2187249941487535,-105.49246883981326,-918.5289888889946,-86.55969914976339
0,23,1.023757793333014,-87.9824178219097,-911.7591443147535,-85.94065744346453
0,24,1.1153728170033637,-111.5420623419007,-862.9251756268249,-100.00428613777515
0,25,0.9840798172869513,-90.83175002086827,-862.6574726763054,-92.30120202168756
0,26,1.054362354596602,-93.29554801371899,-848.6989556914483,-88.4852798537309
0,27,0.9567054999760242,-94.91553270534743,-850.7789317615456,-99.21081535302775
0,28,1.1762557188537641,-88.80998987122736,-798.5113829177361,-75.50228104971153
0,29,1.112176489352405,-94.80530150481238,-808.8191803264403,-85.24303688528367
0,30,1.0144808582651108,-105.09684491776932,-817.0042707934222,-103.59667613393718
0,31,1.1720638391378615,-105.4255932554816,-791.695070019541,-89.94867833566968
0,32,1.178148521978908,-93.266533839304,-777.2394002615259,-79.16364711186534
0,33,1.0935506033224043,-93.67545432411492,-776.0625185248326,-85.66174627814385
0,34,1.0484387547953355,-103.63528727033668,-764.0735692335276,-98.84724958547262
0,35,1.1143468576138333,-112.79917952418073,-785.4219928512872,-101.22447849471142
0,36,1.0009066822159989,-83.23147393389269,-765.7375066127627,-83.15607779700193
0,37,1.0112700549286184,-95.33547078957159,-739.6686003385934,-94.27300880208594
0,38,1.0079166710190801,-96.37638526899093,-731.978936614042,-95.6193979523596
0,39,1.1438779465286237,-102.07384802456238,-728.1011902213834,-89.23491211132301
0,40,1.1084796941269413,-99.0369848288582,-709.7705702251747,-89.34487961627617
0,41,1.129673333671383,-93.13251851505608,-706.2562741958635,-82.44199074114634
0,42,1.1381996941731367,-100.86970812165617,-698.2144921682516,-88.62215359751487
0,43,1.0565349721439827,-99.64215314662034,-694.1808727274212,-94.31032173447193
0,44,1.1011587700566194,-95.46740366886172,-702.1410795175627,-86.69721956984729
0,45,1.150051652443978,-104.54709030441546,-686.8896824896963,-90.90643023053978
0,46,1.107958446035721,-92.82429434725762,-656.9451657616486,-83.77958097560722
0,47,1.0964622768525798,-95.99489483614603,-669.2131449618718,-87.54965570881434
0,48,1.0069261414607737,-86.70740756640762,-659.1170990748512,-86.11099066374317
0,49,1.074262338977549,-107.80763005131084,-687.7393168428525,-100.35503074036734
0,50,1.0722666614972096,-112.57750983230576,-661.7863920706825,-104.99021733559579
0,51,1.08303945811188,-94.40916014057899,-646.3101633788028,-87.17056376243897
0,52,1.2461864270798733,-102.09803060355338,-648.1078183026412,-81.9283763528019
0,53,1.188897368908615,-100.49746818429743,-639.0248616835487,-84.5299777865201
0,54,1.218490029624819,-113.7645373668463,-638.0394847545438,-93.36517706416946
0,55,1.1684398979301687,-113.55769491677192,-633.1745279745741,-97.187450649309
0,56,1.0678939002433827,-103.8175464148803,-624.6675502749754,-97.21709843198781
0,57,1.3625752538372256,-107.62010575092646,-631.959000938626,-78.9828711829687
0,58,1.0792977373802906,-96.50366143809765,-623.2272956364282,-89.41338251327639
0,59,1.2114989853924092,-111.04168474397201,-620.9678118867271,-91.65644056070356
0,60,1.218366095505468,-108.42831665628496,-627.009011051223,-88.99485717492894
0,61,1.176948187887846,-109.73111254064989,-612.8942456025354,-93.23359657622109
0,62,1.1118039093116505,-105.73843244037818,-602.79383807891,-95.10528930038018
0,63,1.187639760926966,-95.98241135904874,-602.5744000350126,-80.81778205550596
0,64,1.1565614325728932,-109.66298871548548,-600.3379255076309,-94.81812692952121
0,65,1.1687081070290561,-100.4888024091583,-619.1849262300077,-85.98280597591506
0,66,1.2504685255293102,-104.81397362658845,-580.2925322004088,-83.81976154275598
0,67,1.2402473158390788,-98.84930893640006,-560.8764829909644,-79.70128834306277
0,68,1.2918496445440857,-105.8600062471948,-591.7469039638409,-81.94452558335803
0,69,1.1329693848496813,-107.37609091250287,-581.8180546443161,-94.77404451378814
0,70,1.2814212374638576,-113.99516856697585,-591.2704433963627,-88.95994949528927
0,71,1.1853641054722295,-90.72984408623262,-556.5078544819398,-76.5417508994735
0,72,1.1877943176236614,-97.44450128293244,-576.8801339521217,-82.03819452334388
0,73,1.1809421887436164,-103.57463178677169,-581.3414894620088,-87.70508224197064
0,74,1.2694949221832035,-110.87041767351539,-564.9203031054788,-87.33427423470658
0,75,1.3187239398862967,-98.73154671538481,-572.2565058246303,-74.86900307876239
0,76,1.232223821783421,-115.15005460381443,-570.8652079738038,-93.44897620722473
0,77,1.0710041976607323,-109.90269131813855,-568.3831223716409,-102.61648979358438
0,78,1.2542274166501044,-118.65379732339285,-570.5318775679398,-94.60309649449647
0,79,1.2384025308564686,-128.4341073739782,-587.5412991327642,-103.70950008084552
0,80,1.2004209262067786,-104.71316907820649,-546.8613837629568,-87.23037627233859
0,81,1.2354894904913563,-107.77200565982311,-544.5150806621267,-87.23020834192769
0,82,1.1301998286947843,-99.85826333535215,-572.9803820956549,-88.35451997075053
0,83,1.1962571979864058,-111.85094638416093,-577.1229127380321,-93.50075098601998
0,84,1.169220324932025,-104.12563588160621,-555.5379417939214,-89.05561566222326
0,85,1.2666696339543282,-108.92947180017887,-557.5091340021297,-85.99674996559246
0,86,1.1570734493881545,-113.13263539478262,-583.9195456511432,-97.77480889791889
0,87,1.2819816147623655,-107.45922717939276,-541.5828792245916,-83.82275216896299
0,88,1.1900168049499409,-110.91910164959322,-551.33526529488,-93.20801285176735
0,89,1.1428443418927425,-113.92849143866437,-541.6730923313228,-99.68854660467551
0,90,1.1335452195888556,-111.13830347056991,-570.982200254162,-98.04487862502788
0,91,1.301763705292193,-93.94718243218747,-544.9503771501795,-72.1691517825043
0,92,1.171306697571151,-95.47393950500039,-537.4857912050372,-81.51062373584764
0,93,1.2432145174596423,-108.42918339423954,-537.9578193919448,-87.21679313703753
0,94,1.3118796486520259,-114.520009412376,-547.5990372934126,-87.29460017925186
0,95,1.2331619775191531,-101.53936719810622,-549.6230745114776,-82.34065682302399
0,96,1.1542508867058496,-101.94727220331295,-529.7807331009648,-88.32332153910079
0,97,1.261358591354627,-117.5303030018083,-544.1784353864086,-93.17754983187412
0,98,1.2944133952262118,-101.56004424310018,-514.356872778972,-78.46028526717427
0,99,1.2239839138145283,-94.75493579125194,-530.513038065551,-77.41518064232523
0,100,1.3512217204119945,-104.78894879544785,-546.1063768385898,-77.55126136034666
0,101,1.1083032127326435,-111.2976204134859,-530.5209418503316,-100.42163474295936
0,102,1.2832056954260174,-117.27443600950681,-537.9891166425384,-91.39176706239004
0,103,1.189594105323525,-107.02930318190843,-541.9987536643712,-89.9712790294976
0,104,1.2005779016371954,-103.76231740674407,-515.3013359549153,-86.4269759298803
0,105,1.1139050922461666,-119.64964666007134,-535.4587638288896,-107.41457911714929
0,106,1.2165659135055706,-106.48166723491298,-517.709893502413,-87.52642668417604
0,107,1.3515108175788488,-91.49875494972576,-503.28657758409656,-67.70108959515422
0,108,1.2794746483523367,-106.78373861417757,-514.8291183129586,-83.45904997155667
0,109,1.2069122020079157,-110.2417575580533,-519.7979342719442,-91.34198608204166
0,110,1.2187671610561897,-109.07126245017926,-543.1335596380828,-89.49310904935899
0,111,1.2540094238946768,-89.2873661260702,-502.90539278090836,-71.20151126836298
0,112,1.3185408466604471,-107.98520079572668,-510.6854260870124,-81.89750136996341
0,113,1.1700157351884493,-119.08663072547279,-532.940693222072,-101.78207620967767
0,114,1.2076079626433278,-111.63345932560301,-521.7265567835659,-92.44180460788701
0,115,1.2627206109182998,-115.90405055251219,-535.261260464975,-91.7891491992217
0,116,1.1288544576041044,-97.64800835610546,-488.64245882941276,-86.50185832047373
0,117,1.221926301538864,-114.05914591102264,-523.6414467295566,-93.34371947586311
0,118,1.2327468254861773,-99.65656172740535,-486.3769123681171,-80.84106133317542
0,119,1.180912993721495,-102.34632126053666,-515.1866593236227,-86.66711417748519
0,120,1.3131550789105793,-115.00466390218627,-512.2711962884398,-87.57888976646728
0,121,1.1939091483639266,-105.66443847861109,-501.4347372504527,-88.50291383009197
0,122,1.2539138576882694,-113.02193581284632,-517.3674732640305,-90.13532717567611
0,123,1.2989944667303772,-107.44307400909423,-509.7454198869211,-82.71249551934805
0,124,1.1814543947431653,-107.68982857935347,-500.42601154661406,-91.15022048969061
0,125,1.348427517742913,-116.57127608950246,-514.8002974377206,-86.44979025986295
0,126,1.1893238532168138,-101.28402666510452,-498.93490713373535,-85.1610151357491
0,127,1.211107997304747,-113.98298618012169,-550.3714067817249,-94.11463423062554
0,128,1.101572080031792,-98.7410225590007,-489.49959440800114,-89.63646078988401
0,129,1.17364643821392,-106.44620386484459,-499.65217239420906,-90.69699391482555
0,130,1.1534846171067275,-103.19424837521284,-518.444762152734,-89.46304687968342
0,131,1.2379955982212882,-109.39902566004223,-511.820376462721,-88.36786319533218
0,132,1.2874377362370788,-115.93405078005263,-509.23169042239147,-90.05021953054174
0,133,1.179905614883831,-114.91855474898117,-522.8263416358975,-97.3963962026705
0,134,1.3305268658694847,-115.44706611239016,-479.7300121741646,-86.76793312019805
0,135,1.3240563199797166,-106.67006465185099,-497.7740997495057,-80.56308711511991
0,136,1.1607509886731073,-105.93788532891173,-501.71949084362024,-91.266676800347
0,137,1.1576139508827952,-98.14446299371397,-476.8708738843561,-84.7816864325703
0,138,1.286629617851426,-109.78798916360574,-493.1853541830353,-85.32990974274583
0,139,1.2016666430238236,-110.48013280463155,-486.79180280737944,-91.93908597364738
0,140,1.1856997321502574,-121.85867663565037,-493.6996304247125,-102.77363933840198
0,141,1.1960673055682463,-110.25739882856878,-493.0697792423228,-92.18327289381594
0,142,1.2421949351140669,-112.13033023121409,-494.20156794939714,-90.26790164855849
0,143,1.1715926471379219,-112.01689769244723,-523.9995103661843,-95.6107892671508
0,144,1.1280907032307632,-111.0617683326502,-498.6555978714941,-98.45109796098667
0,145,1.128393882267964,-116.50710785051089,-486.3953954655471,-103.25038949727619
0,146,1.1675290257786692,-109.00535282205843,-500.12763160860476,-93.3641480556414
0,147,1.3565835850455412,-117.29009066198037,-496.2860560096008,-86.45990704512533
0,148,1.2710439581264563,-103.3789340526104,-495.6840934504779,-81.33387786602832
0,149,1.2860272586742798,-105.5483660924929,-488.8616517182969,-82.07319509020283
0,150,1.371157243789619,-122.31283041720195,-520.026456815838,-89.20408725636197
0,151,1.2699152443896855,-114.46697086733597,-483.15952298229877,-90.1374886025155
0,152,1.3615469421572792,-110.85395170565693,-511.95498221731947,-81.41764949360932
0,153,1.2015895012132465,-112.27464116489635,-511.6879240151631,-93.43843388406148
0,154,1.1995888400851038,-110.2153760763767,-470.08260702914305,-91.87762706141677
0,155,1.0629388261032418,-120.37170750858408,-504.4997275182037,-113.24424750751606
0,156,1.2799748754219809,-121.01221554597312,-480.05815445057476,-94.54264913291985
0,157,1.1810397162505188,-110.60400154949338,-484.23417952197224,-93.64968851397404
0,158,1.2133116370949966,-112.65110891624143,-506.6987383698115,-92.84598076217196
0,159,1.3940632111564843,-107.34719833790942,-466.16025484408016,-77.00310680234975
0,160,1.2342144671229873,-113.95575836116683,-481.4971272790909,-92.33059682633856
0,161,1.2559308530432434,-98.89402466734302,-512.2694758508915,-78.74161577264634
0,162,1.2706528092122409,-114.27612210765466,-502.86766448206714,-89.93496986678977
0,163,1.250756979446638,-103.1414589538781,-475.5418595962734,-82.46322878766594
0,164,1.2681223880182266,-106.29324253584339,-489.3178231544779,-83.81938804972478
0,165,1.1723926881897546,-98.27972025270088,-486.2866328862585,-83.82832923024344
0,166,1.2120420061121866,-122.63870421868651,-504.25590751197217,-101.18354281471584
0,167,1.1854942857031998,-105.68236247073692,-476.01022878076463,-89.14624367678778
0,168,1.1570927215352638,-108.02680902749964,-489.51550218988854,-93.3605466674845
0,169,1.2399307743515433,-93.38474562561966,-464.4243185609764,-75.3144833222305
0,170,1.1810101590530424,-101.29099592225674,-482.64276880644275,-85.7664052640105
0,171,1.171910268562316,-115.88465516842571,-491.5428197899424,-98.88526304201727
0,172,1.1787399131780056,-123.52457689443386,-495.6217093664702,-104.79375094833154
0,173,1.234726530776936,-105.01379074537132,-480.63780970403263,-85.05024240411578
0,174,1.3909463198950602,-104.57744323313204,-463.0837195788213,-75.18438471516419
0,175,1.3355349763694648,-103.89803044825392,-472.1512576010464,-77.79506511367575
0,176,1.2186094704137893,-107.65546719927539,-481.7460517367757,-88.34287752804026
0,177,1.150479236536989,-111.61397345296595,-495.33493029503035,-97.01520019512101
0,178,1.1197369052013522,-108.3662396044193,-466.72317986504527,-96.77830488665799
0,179,1.2487109874535276,-116.83352270339326,-486.2796109546993,-93.56330157841377
0,180,1.2430080318304964,-123.44255301013608,-483.1977849031658,-99.30953770938257
0,181,1.2236412022009364,-113.51866548165296,-474.00801566901134,-92.7712022752008
0,182,1.345310578350315,-124.95785548988425,-494.6380169491078,-92.88402061263328
0,183,1.1704895656057945,-111.01094832079382,-487.0719234032454,-94.8414676924859
0,184,1.2282831423633218,-122.81514751015192,-513.0148550839461,-99.98928038191998
0,185,1.303417097910887,-91.89871037904535,-452.56217726909335,-70.50598808803439
0,186,1.205823540889497,-100.65243298717579,-455.29156764074185,-83.47194226522376
0,187,1.2301661980629608,-105.48235873313347,-466.1689032171383,-85.74642914041019
0,188,1.3921762135601508,-98.29096680343406,-450.7886683191785,-70.6023891559524
0,189,1.171839385735261,-96.0310591807933,-511.3269642599845,-81.94899433298994
0,190,1.2989915904692106,-115.12701340000079,-467.52938481158617,-88.62798977660479
0,191,1.3161134759419975,-105.12649405474673,-477.9861754654854,-79.87646656341947
0,192,1.168046644876375,-101.74036676756437,-458.41814797419374,-87.10299987919787
0,193,1.3281940730670752,-109.81944131392189,-461.76070798987274,-82.68327915387098
0,194,1.314244603088285,-106.97565921072558,-461.76344896342636,-81.39706943391529
0,195,1.1910641852738468,-102.61624312866122,-474.42093098240343,-86.15509088208199
0,196,1.129155881535335,-102.99793786120074,-475.8781096113443,-91.2167571771866
0,197,1.4321685199086316,-112.75831596052298,-463.9101591482056,-78.73257538695003
0,198,1.0968156502810171,-108.16405744555875,-455.0648301109953,-98.61644244212401
0,199,1.1277715852504322,-112.77489394509809,-447.6584092531926,-99.99799198705239
0,200,1.2793077621668005,-109.26904224264331,-476.7293045961523,-85.41263132615656
0,201,1.06506857549225,-110.99501688736063,-468.3630089669516,-104.21396278268872
0,202,1.134759071460609,-102.46289640988732,-487.95474959822303,-90.29484670962078
0,203,1.2408337582922861,-120.7923344192356,-495.25198476931166,-97.34771770352029
0,204,1.1636095650929674,-107.77766057220488,-470.9371453931289,-92.62356017466556
0,205,1.3380443055303444,-106.79334765519596,-475.43564192861544,-79.81301307722211
0,206,1.2392375718158857,-122.18817920630751,-484.24520594322456,-98.59947921629113
0,207,1.357911687654502,-107.99207281247857,-469.55871654027493,-79.52805310852833
0,208,1.2423456454753816,-102.11212451706957,-470.0530053338901,-82.19300714657113
0,209,1.3296389720211172,-105.95680699326896,-472.11464469985947,-79.6884035613136
0,210,1.3026179839445693,-118.30604448680319,-465.69456968767,-90.82174969560185
0,211,1.3136602512879478,-118.53648660144549,-479.32356010140006,-90.23374688031333
0,212,1.221356487019802,-118.21457537512364,-490.83484877649994,-96.78957505975652
0,213,1.3409875353340328,-118.99315491486522,-505.8239855556716,-88.73546679553935
0,214,1.2245678967536615,-114.67646592993094,-502.33428142415306,-93.64647418402777
0,215,1.1365735296402035,-110.37816504570083,-446.2362687499337,-97.11484753709018
0,216,1.138107429086689,-115.48560360647218,-471.5117859004408,-101.47161915913978
0,217,1.3067907548260744,-126.45324098921105,-495.11733881122416,-96.76625008419285
0,218,1.1939299448489218,-110.22700553645218,-467.5722407613938,-92.32284189873482
0,219,1.2185888250702022,-102.57610637281073,-454.6677166120437,-84.17614232339722
0,220,1.165861542299875,-99.54556242056682,-449.16756000789485,-85.38369163819831
0,221,1.3620764895877429,-120.72973643079537,-475.7193403181341,-88.63653205506573
0,222,1.1763658381215367,-99.30096139678082,-478.69183265674087,-84.41333314757607
0,223,1.3321183468142817,-117.09899326545258,-478.00836976193835,-87.90434689642333
0,224,1.1231598315797178,-106.50384044961888,-478.8957651856541,-94.82518645616257
0,225,1.181538082097839,-111.49357223508187,-497.00207518223556,-94.36307972158065
0,226,1.2764844420180643,-110.65490626590989,-471.9337951622565,-86.68723458232634
0,227,1.3129038576799685,-111.91890715422386,-486.7708575752282,-85.24531823068574
0,228,1.4349258574187709,-119.44398801375088,-466.022097664719,-83.2405293947478
0,229,1.2598968729653555,-107.73780862918339,-439.35858214561506,-85.51319631074753
0,230,1.1912489460430618,-114.91937814855265,-479.7919985494138,-96.46965777411776
0,231,1.123258260183078,-111.19816902173538,-460.3579845859053,-98.99608394921695
0,232,1.2863122184963562,-104.65148773038933,-464.5295062617731,-81.35776542084194
0,233,1.18105134613016,-103.68457742388557,-467.7876534797612,-87.7900675221438
0,234,1.2686428668363021,-122.63375328757914,-463.3932995163591,-96.66530786035867
0,235,1.2318399388599903,-123.73849167256822,-456.4633296943946,-100.45013785401564
0,236,1.2387531644959815,-108.5624086964701,-449.50837571731125,-87.63845115232581
0,237,1.4300582625966565,-117.17098011330562,-454.25651569946905,-81.93441007120235
0,238,1.3109940451428557,-115.09477595034225,-446.5676982798242,-87.79198988489736
0,239,1.3239581283279163,-115.60817872179985,-456.0600063029781,-87.32011704011093
0,240,1.2840910032339303,-114.44161168472922,-473.2819143390973,-89.12266451249384
0,241,1.296172005658476,-113.19401563463379,-458.8989852311275,-87.3294710427953
0,242,1.253936574398346,-102.6375340869361,-433.5106256783027,-81.8522532817761
0,243,1.201343761614096,-114.54486348145603,-455.088631730257,-95.34728288558836
0,244,1.2225271142140464,-118.7798985225154,-471.6851269272521,-97.15931625686528
0,245,1.2846538794577136,-106.78263284795152,-464.8822689571389,-83.12171438195267
0,246,1.3116924825251317,-96.45690955562407,-454.79539737282863,-73.53622197325963
0,247,1.2831911775649147,-110.539645201523,-480.3365524462953,-86.14433073900321
0,248,1.1913830314897111,-121.71886897356684,-470.4472535721734,-102.16602533055132
0,249,1.2720994498006772,-110.42055692750725,-458.5878772456241,-86.80182743952042
0,250,1.1842445492945044,-106.22192847668873,-469.30858370399767,-89.69594036972248
0,251,1.2121311892576678,-107.27403380559281,-440.6595170170532,-88.50034943106238
0,252,1.2216762301310427,-105.57215206813224,-444.7324157509927,-86.4158190724625
0,253,1.2201441246658637,-106.9647183817944,-466.3026986155751,-87.66564229540234
0,254,1.29658260923891,-113.92640409125629,-475.7751787250987,-87.86667604475332
0,255,1.1179080473295435,-103.84330936319694,-447.29282844233154,-92.89074321564965
0,256,1.2404117598542825,-113.09188554703607,-489.98168435141974,-91.17285824533101
0,257,1.3112873483264902,-104.82240296708432,-419.79532326759437,-79.93854520205831
0,258,1.0755387098502527,-97.32426496467019,-437.49821074711616,-90.48885370031977
0,259,1.205099296197708,-117.27917619953962,-455.4973672970319,-97.31909774536857
0,260,1.1968773524543295,-111.93062978812178,-449.3207158892258,-93.51888024165186
0,261,1.2472009079555788,-104.73449009082734,-441.0182390787193,-83.97563650150713
0,262,1.2113868363085416,-110.53286026325546,-451.73159921745014,-91.24489135120716
0,263,1.0732965422651743,-117.23977881863777,-467.77639714712313,-109.23335182950015
0,264,1.207688210796167,-98.51138967315148,-431.80968880694866,-81.57021720714485
0,265,1.1681434146852,-109.88698652802078,-451.2528681973437,-94.06977357967125
0,266,1.2760167995281264,-121.65614210401925,-465.5674477479943,-95.34054892459719
0,267,1.2327179992288115,-108.37596976615819,-450.3626471147843,-87.91627106439445
0,268,1.1383090173534733,-116.25529299798902,-482.6431463482103,-102.12981820022677
0,269,1.2429961963066862,-116.15276665621491,-446.4415114732169,-93.44579412337669
0,270,1.2039841598369714,-115.15181246341851,-458.84394547537147,-95.6422985490199
0,271,1.2500925424930327,-123.27936789104162,-440.4076043023482,-98.6161933621236
0,272,1.161404870938604,-110.86720754822234,-447.9693879367213,-95.45956825428466
0,273,1.230604336096793,-107.39856613208505,-438.94425724084203,-87.27302755386816
0,274,1.3088311791555087,-107.67468363303774,-438.06203076439175,-82.26781677260485
0,275,1.203651804871631,-102.35844647450519,-451.5499086031582,-85.0399144172942
0,276,1.1957677993289522,-119.15763216249871,-453.3289794285786,-99.64947394416231
0,277,1.288504889694399,-123.56280218701161,-458.73377317038717,-95.89626176453054
0,278,1.0901067249082688,-101.71251480453391,-444.01248975053164,-93.30509800597085
0,279,1.2809844993850734,-117.78076287479608,-466.50103234999926,-91.9455020192171
0,280,1.274928063533125,-100.53223984010859,-426.27862979640133,-78.85326452185086
0,281,1.1928468832439993,-120.69219930676255,-468.5294386053246,-101.17995947521347
0,282,1.1886721965813034,-107.5139327357585,-425.72515012959224,-90.44876547544007
0,283,1.1472168034842363,-103.07528176229818,-448.2749903802112,-89.8481276156748
0,284,1.2217420681796998,-107.94985521470772,-444.7818545952704,-88.35732027754808
0,285,1.2788905454736135,-115.7969883497293,-452.198819182477,-90.54487794875834
0,286,1.2224441199362315,-113.1879755467274,-462.02814364544975,-92.59153338856244
0,287,1.2211946771838373,-105.84726650816556,-418.7232310244991,-86.67517840174096
0,288,1.2349076708808688,-96.79869846718745,-438.30348267824957,-78.38537305233534
0,289,1.3904650886561836,-115.1804381847437,-484.3703889524921,-82.83590801697866
0,290,1.2480367863040858,-90.77098930557378,-420.0581041720194,-72.73102067318175
0,291,1.3439424337243977,-112.0167734675731,-408.5548517394455,-83.34938361693577
0,292,1.2769659946774323,-117.20823575692677,-426.7093888470318,-91.7864972485302
0,293,1.1691636613459844,-102.42920863797089,-450.66700509738257,-87.60895674780946
0,294,1.2063345780752026,-114.59545961209699,-464.52668178075845,-94.99475659144467
0,295,1.2640670462102073,-100.09121839202848,-407.8362460476252,-79.1818904638891
0,296,1.3330117406974737,-121.80351926621123,-450.90870251907853,-91.37467851744485
0,297,1.3122734855529303,-108.85995891329253,-430.64870871044144,-82.95523769378306
0,298,1.2526730434197273,-113.01331435215863,-461.0527924741356,-90.21772676103782
0,299,1.3285350177121644,-113.56143441975976,-425.5772542751922,-85.47869111897477
0,300,1.1542375031526606,-97.798000559582,-433.49660754353846,-84.72952948804604
0,301,1.2439389929364282,-110.37724561979292,-449.8448049363686,-88.732040917246
0,302,1.2019966455112219,-112.836618447885,-435.1033418020546,-93.87432058921794
0,303,1.2608347844904828,-117.29310573540589,-459.9444828222913,-93.02813277221355
0,304,1.2894481651068792,-106.96858219835892,-423.6237940029649,-82.95686875438886
0,305,1.4516331714496473,-124.81940442673185,-447.99905012950427,-85.98550025009638
0,306,1.2764390884956898,-113.70432879662906,-443.82533889414293,-89.07932217167682
0,307,1.2048994580364887,-116.06717683059199,-444.07891376287864,-96.32934603500922
0,308,1.2806466835568977,-106.60073573296486,-429.33005312803033,-83.23977026738515
0,309,1.0329650882479844,-111.4027977366097,-480.70102525851394,-107.84759233785951
0,310,1.3303324262900684,-111.99095063353855,-453.54601072479403,-84.18268127602552
0,311,1.3030998253152322,-115.6305749616358,-430.1130156095537,-88.7350091798713
0,312,1.446445327224881,-106.95199618045737,-419.21833933819875,-73.94126426171474
0,313,1.2361647558796898,-108.52975858655932,-445.16839184325073,-87.79554510865057
0,314,1.086941956021101,-98.85798616259888,-431.5869520676699,-90.95056604906667
0,315,1.2201997499921502,-108.49847051228659,-457.78067324583134,-88.91861395069503
0,316,1.2263352348440202,-110.43109772668578,-422.5597167784565,-90.04968183983698
0,317,1.2180102337597982,-105.4192230576302,-447.94401430329276,-86.55035904929824
0,318,1.273028891348057,-109.2448406532398,-434.0297822992062,-85.81489500804372
0,319,1.212314376243695,-111.57414289580481,-437.62171532162654,-92.03400131367954
0,320,1.1426915155398893,-111.79640835507088,-428.49471676552776,-97.83603609085192
0,321,1.3013426755965942,-116.47128007019818,-443.69951045773524,-89.50085342955688
0,322,1.3084675810930024,-111.6175372577972,-440.017353471271,-85.30401430699544
0,323,1.143505493492982,-106.26372985079966,-426.39199841955093,-92.92804490707226
0,324,1.2346719446220327,-108.82508587356077,-462.86508072718084,-88.14089147127672
0,325,1.3590175789111525,-101.54740114034063,-431.8755563987629,-74.7211829457722
0,326,1.1874028935653658,-108.91237436784708,-430.9921641247403,-91.7231842351507
0,327,1.2727222317139057,-103.7731562683069,-411.13028216176815,-81.5363743026326
0,328,1.1093109324421468,-93.75578774586899,-436.25913975785784,-84.51714032914624
0,329,1.1183948535548032,-107.1160640810636,-416.5366119769727,-95.77660675082385
0,330,1.161168862243163,-101.97736349949793,-445.2063830377673,-87.8230262758653
0,331,1.1541065792400091,-102.58162287143688,-402.76286726580463,-88.88401185528976
0,332,1.259183719098479,-121.16707419705807,-465.3651014323221,-96.22668428703038
0,333,1.3465837760241661,-100.9011880588011,-410.5150058653986,-74.93123699790536
0,334,1.258670513826094,-119.55953944197267,-427.600166429343,-94.98875053371734
0,335,1.2259649587097718,-103.21897768317147,-463.6216782683095,-84.19406847631357
0,336,1.2206919908047456,-123.7300453254458,-426.5120383739092,-101.36057765388985
0,337,1.2609368315511025,-98.47956043328966,-404.1350020122574,-78.10031237817685
0,338,1.2527143024436251,-100.93693367596785,-424.45819487604194,-80.57458390877615
0,339,1.0579676743217459,-99.49385314939397,-423.3922470400506,-94.04243207447584
0,340,1.05377700573495,-109.96881955801184,-490.0375112094953,-104.35682213554736
0,341,1.2354323319632887,-113.63448991112006,-421.0487218008122,-91.97953378032261
0,342,1.2287904748248055,-111.52130158395268,-417.37226238931726,-90.75697107747584
0,343,1.3961294396481374,-115.94455376124307,-415.6020236214316,-83.0471376568524
0,344,1.324299488793568,-105.09205652729412,-397.3950696007233,-79.35671456237789
0,345,1.1063507847540726,-100.24295948033463,-405.1999510702816,-90.60684989039652
0,346,1.1755292585481036,-119.6242037443348,-445.8454690017157,-101.76199603239368
0,347,1.049350859053117,-112.21586068867245,-461.2925545007889,-106.9383607213421
0,348,1.1768668935632833,-107.83113458762307,-420.4778252172646,-91.625599443226
0,349,1.1359955272881803,-113.91606056351145,-448.1269082433516,-100.27861714865108
0,350,1.139730290335811,-109.53740427461527,-430.43888113605624,-96.10818033303394
0,351,1.2306754846749628,-89.96219359063348,-381.4094928396458,-73.09985021306706
0,352,1.3274828442154278,-110.67667597075831,-428.5545588749642,-83.37333808345426
0,353,1.1989705217434832,-96.53186880711374,-394.4932321107141,-80.51229538716424
0,354,1.2811343193995681,-108.78073610923298,-419.7402719858079,-84.90970420667169
0,355,1.376121222586329,-109.86414789731171,-451.615450661744,-79.83609735400293
0,356,1.250116444907777,-117.61443803548131,-415.7179657859193,-94.08278605930818
0,357,1.1653756040907932,-103.70447053838069,-406.45503566980295,-88.98802255199877
0,358,1.3411079575404588,-108.90184994600065,-450.759929824643,-81.2028959590416
0,359,1.164375212243145,-105.52077473852864,-425.62460890318243,-90.62437402394116
0,360,1.2362564002147336,-117.29903058661856,-456.4234892872114,-94.88244555598993
0,361,1.268733133763457,-110.58376242580188,-403.36925720970305,-87.16077438426791
0,362,1.1447335690323726,-112.71290278596973,-426.9576740877039,-98.46212763835028
0,363,1.1523494527416527,-111.3067037789875,-432.2852503464407,-96.59110221657869
0,364,1.3297637324303644,-114.18481837006422,-407.84246344921047,-85.86850098654178
0,365,1.2790778444369995,-110.47191296045077,-426.08797302110634,-86.36840473855305
0,366,1.18816127489973,-116.71746619209215,-424.1847880913254,-98.23368986835735
0,367,1.2712410494212425,-114.89159287097102,-427.8316970646439,-90.37750387566362
0,368,1.2227102943193031,-108.23913614520426,-419.6082196000484,-88.52394279174874
0,369,1.228874105592131,-117.21187869858406,-442.06089577130183,-95.38151887585401
0,370,1.16150987949487,-108.59638442273535,-417.674861382838,-93.49587665148654
0,371,1.2050179346392424,-106.8932598900482,-387.66285008565194,-88.70677922486675
0,372,1.0946383719409887,-97.52252656377141,-397.07743316312434,-89.09109077808648
0,373,1.3280514361659004,-114.13563974816849,-418.2011980195496,-85.94218314139954
0,374,1.220598275678359,-124.44101673854871,-437.13670278541576,-101.95083773110316
0,375,1.207351863988823,-113.30770521822696,-409.8780483995569,-93.84812215710124
0,376,1.124001328968362,-109.81583722147144,-424.4052043450008,-97.7008072777488
0,377,1.2927206034658179,-107.8862440170077,-415.83439009391884,-83.45673746342547
0,378,1.1420106346924679,-113.04543318354708,-428.40171452041017,-98.98807397182347
0,379,1.1035056853090792,-110.38489186236266,-397.8765503705612,-100.03110390087852
0,380,1.2444469212203744,-112.95064816789323,-459.39177669224676,-90.76373306233704
0,381,1.295648720061896,-102.47870835769612,-424.9667601781492,-79.09451595244155
0,382,1.15506037536826,-89.36070767469434,-370.56213858152057,-77.36453399347552
0,383,1.1363347645092428,-114.34415471761648,-438.4759759426723,-100.62541276469626
0,384,1.209357737769231,-115.41710012218658,-423.2560503178585,-95.43669049911054
0,385,1.334714952879975,-122.46317604931426,-447.345210642424,-91.75230695143551
0,386,1.1619193668301662,-109.61534893681295,-418.275015109003,-94.33989316819353
0,387,1.236696356600057,-97.00497271314359,-386.838302652078,-78.4387955826368
0,388,1.4077703696737522,-103.82002509112272,-385.32602646322886,-73.74784078967565
0,389,1.2251924319434262,-100.75709014299281,-398.2794062526756,-82.2377673221257
0,390,1.2067172954853298,-113.4877455663362,-413.0052166832312,-94.04667190146849
0,391,1.0934459699752905,-108.13676171699652,-416.85595196118686,-98.8953864080181
0,392,1.1935142688662774,-112.48671387033079,-413.096769422816,-94.24831927412333
0,393,1.1638638838037367,-115.57253989887667,-469.70984734703245,-99.30073568496928
0,394,1.3057250816087846,-116.79841533071942,-429.5962960663219,-89.45100080854081
0,395,1.3132929438279795,-108.582287117802,-449.52840254332796,-82.67941103932753
0,396,1.2076671465217148,-104.38654266029377,-370.5432664863952,-86.43651767868707
0,397,1.2963434385949029,-118.69205605310216,-408.3292734486877,-91.55911351836795
0,398,1.3118700631548121,-106.99565280742388,-428.0662590833698,-81.5596420808007
0,399,1.1736152769341346,-101.43623671111763,-393.8864965916074,-86.43056945893046
0,400,1.1280602302562222,-106.49934136139217,-409.38762021681293,-94.40926867637415
0,401,1.2898872173057325,-107.4767847629125,-436.87533305222615,-83.32262179278428
0,402,1.2055179646171756,-98.91814304758847,-383.74679605665176,-82.05447446733066
0,403,1.2496742517606227,-106.16458120162369,-401.63558931835223,-84.95380380291272
0,404,1.162873619086335,-112.58248188679276,-412.07829015799575,-96.81403038040227
0,405,1.3617246690256384,-109.58090154087016,-403.0275683308912,-80.47214244806119
0,406,1.2153557865606606,-113.03661639195033,-412.04041086158,-93.00701707426188
0,407,1.1530018896110126,-83.07001543270816,-376.17356834485787,-72.04672965517292
0,408,1.2510698625203056,-107.21869255075444,-401.3962968888521,-85.70160289431016
0,409,1.300851334902443,-101.54659970070591,-356.61798947905476,-78.06164853443562
0,410,1.187373728105745,-113.10629388161996,-447.413689283277,-95.25753451026917
0,411,1.2265393783398248,-110.4186003343406,-423.50041270874607,-90.02450494805723
0,412,1.2086801641868499,-102.59319227458533,-401.02809558010125,-84.88034743550689
0,413,1.3002590075053793,-117.69037470468237,-409.3272319718202,-90.51302396318565
0,414,1.1801236227482303,-116.30491058324264,-435.28083867555387,-98.55315861942994
0,415,1.2866628871445447,-118.29587101658353,-426.4742469387146,-91.94006619644892
0,416,1.2664061206061237,-109.0066957068207,-415.55201239533926,-86.07562292469672
0,417,1.337328097115582,-105.79899752664684,-383.694762074597,-79.11222216510635
0,418,1.1974986298335877,-107.53917024278718,-407.76141964417263,-89.80316767271086
0,419,1.1114820217409889,-108.34440129303594,-411.14327310885466,-97.4774212931747
0,420,1.2807473797421756,-125.21806111203995,-457.9407939349837,-97.76952355525984
0,421,1.1638274476262989,-127.16605221108183,-436.62960983250946,-109.26538334393572
0,422,1.2128445337732778,-111.22607527939208,-407.5699718107404,-91.7067869641601
0,423,1.2505097337500477,-111.48020868665284,-409.3445534259879,-89.1478136298422
0,424,1.2083651019983617,-116.56803698311428,-440.5807770346672,-96.46756331371802
0,425,1.23677197486537,-114.32025202957402,-432.28819892478316,-92.43438107660748
0,426,1.2333608799757327,-106.10753361902455,-422.7523389023686,-86.03121384968226
0,427,1.1906343653733673,-101.39442697245259,-390.48809640518294,-85.16000371000263
0,428,1.165730479829119,-125.98532664327867,-475.9763409291089,-108.07414648860042
0,429,1.2048351162340465,-110.5553219817269,-417.2184400597158,-91.75971092815564
0,430,1.3526944462040893,-97.37844996845426,-357.8882903029427,-71.98850430835743
0,431,1.2991944196554697,-118.8610983102011,-409.8335448644709,-91.4883073017829
0,432,1.3803417935981614,-102.97282959533398,-395.11478798074444,-74.59951591186186
0,433,1.2663615460599287,-115.47604063614139,-446.49301312789066,-91.18726085407891
0,434,1.254090489783399,-101.8748827798635,-392.82323986554104,-81.23407649591448
0,435,1.3595835244961372,-111.97158695341895,-400.69357969752167,-82.35726966088069
0,436,1.224717341790104,-123.38923837938555,-421.6912622500854,-100.74915588198832
0,437,1.3298708077087003,-114.33911230442058,-428.9154973174244,-85.97760898400429
0,438,1.1780938041360234,-93.1404341584904,-381.5323234493781,-79.06028690711656
0,439,1.3191615988424807,-113.65091626047058,-382.33508961700034,-86.15389984077416
0,440,1.183144329712775,-119.3401273506916,-413.51983265966106,-100.8669224486442
0,441,1.1810005765803928,-112.1211263592142,-430.3078943397436,-94.93740187990663
0,442,1.2108617902477947,-97.6421585324504,-367.8125271166941,-80.63856611782967
0,443,1.2059951586242903,-101.35644095348631,-382.7609917193434,-84.04382076384636
0,444,1.2273649639112576,-104.24912012732975,-397.4437725831319,-84.93734397885851
0,445,1.232598818637597,-106.6403973484113,-388.51539560723324,-86.51671227973586
0,446,1.3059403831153553,-105.66213146600091,-383.1714861346904,-80.90884762590855
0,447,1.228520422423776,-118.6208911018018,-410.114436669492,-96.55589678173354
0,448,1.219792337618023,-100.3594932826634,-395.3863434540038,-82.27588433506858
0,449,1.3604189129502853,-110.44793778662391,-394.3145333136337,-81.1867114866111
0,450,1.2961935482263347,-104.77970851570825,-375.5080305046638,-80.83646817952851
0,451,1.1283901754526504,-98.16470853667556,-402.51922537332854,-86.99535911618256
0,452,1.0972405048061382,-109.18775770410662,-409.3664029251426,-99.511234980701
0,453,1.329598795694368,-105.29401822592743,-404.21057844944335,-79.19232370463965
0,454,1.404699746144714,-106.154921804087,-379.996409145582,-75.57125435199643
0,455,1.1114057013380139,-98.08286008281394,-391.85535065557787,-88.251175933984
0,456,1.3653844986229955,-105.05490071826495,-384.37801952425946,-76.94162400716715
0,457,1.209462503382217,-113.54873073311036,-404.5512910383439,-93.8836304685557
0,458,1.1919605907230244,-109.64439578555033,-404.81623985129835,-91.98659472377503
0,459,1.1578167343318677,-122.41889256141832,-426.688531936093,-105.73252996905562
0,460,1.147801593717803,-114.62962761674007,-404.01725181886593,-99.86885211184222
0,461,1.0259733884285214,-89.82072214256814,-354.90658318649525,-87.54683421189523
0,462,1.2143572393357622,-117.18899713329152,-399.9778950381189,-96.50290156576362
0,463,1.276368610201661,-105.77717500798664,-378.93348590836194,-82.87353211489139
0,464,1.1682193954220825,-97.38338225751434,-369.77887418788697,-83.36052511979508
0,465,1.1943370661687267,-115.62523354965779,-400.28750003296886,-96.81122425561827
0,466,1.1932176217105033,-108.63937077073267,-387.9761914386039,-91.04740727428731
0,467,1.195974498970974,-103.83764448826318,-398.13975812664603,-86.8226242094676
0,468,1.2338612244459168,-110.350258373723,-411.1232792115738,-89.43490255419718
0,469,1.182267175901851,-113.18144255278679,-400.31855440246034,-95.73254240645758
0,470,1.1452621742044848,-104.84940703467328,-410.67773345613836,-91.55057190944348
0,471,1.293332212435712,-105.81130080975905,-388.791228523713,-81.81293235593839
0,472,1.3208144745533388,-106.43407127536207,-352.32616214980743,-80.58215088182993
0,473,1.2352953829363436,-118.87706127262275,-410.0531635964751,-96.233712935968
0,474,1.1440172609821757,-103.89647028264272,-427.00047255901336,-90.81722262952943
0,475,1.1785674947554596,-111.70130706013575,-402.14001319476,-94.77718294217217
0,476,1.2512986505892385,-109.87684213398998,-379.39062082521343,-87.81024584518556
0,477,1.1711913188490495,-108.62901927560371,-384.3162971509903,-92.75087470965494
0,478,1.2101799254768135,-110.89917648874567,-402.0418647230342,-91.63858543187382
0,479,1.190711244156917,-108.58615609994263,-399.1840397526687,-91.19436524413359
0,480,1.26488271825249,-109.27636593624503,-387.94224517697614,-86.39248869430105
0,481,1.2403730245626472,-119.3448881690282,-420.33344667645287,-96.21693297555301
0,482,1.2664695197851048,-109.95693864140193,-409.9241966372038,-86.82162256858695
0,483,1.2629447659927353,-109.919600501121,-399.8847499268582,-87.03436877124147
0,484,1.4225028636482133,-105.04523240524551,-415.22469753445444,-73.84535742574317
0,485,1.3090575479081423,-106.36827263592964,-375.5511663001271,-81.25561233415965
0,486,1.1407226925670504,-107.90849775823708,-398.5838787441078,-94.59660832678169
0,487,1.2093507939880124,-107.12654604911629,-458.63708674433076,-88.58186274955898
0,488,1.2564042025418618,-106.0281321810273,-372.75461887755534,-84.3901444825791
0,489,1.2423718822672547,-105.00871585341233,-373.10520036838,-84.52277240996284
0,490,1.2663093947086848,-97.46812214681532,-353.09238303113966,-76.9702274610684
0,491,1.1972819238782824,-109.14907520351856,-380.8642691172564,-91.16405503722851
0,492,1.1414470588697414,-100.80250478539733,-373.50080278090945,-88.31115206097405
0,493,1.2594312916217367,-95.56523753422233,-383.1017477288362,-75.87967535026502
0,494,1.243636114678326,-109.28789864311678,-365.2884668699958,-87.87771386920905
0,495,1.1297133822981362,-102.50784171973217,-376.1840496429452,-90.73791930410178
0,496,1.2060316111440772,-99.39118777366687,-373.915224505737,-82.41176006935792
0,497,1.3331104147202937,-117.57741012470075,-402.9746072411504,-88.1978032925129
0,498,1.1440128565537464,-105.8703194371979,-371.7884190518405,-92.54294550161295
0,499,1.3224107260268445,-109.35440868719122,-400.91334479278623,-82.69322573913497
