0,0,1.063271281705261,-90.2894816162403,-2146.724726821975,-84.91669357554281
0,1,1.0409609382333216,-92.44676379886829,-2107.9095079092167,-88.80906132343961
0,2,1.0417240769742637,-88.00412051714324,-1988.3512016423783,-84.47929971317868
0,3,0.9800089211727974,-89.85591017484617,-1830.7236820815785,-91.68886959448666
0,4,1.040715854610951,-99.09982867553701,-1891.0261115427893,-95.22275291230508
0,5,0.9812994796863577,-91.42775113788198,-1804.6144610472795,-93.17008011367137
0,6,1.014631943258716,-96.09854662957557,-1832.475504151413,-94.71271554977238
0,7,1.0013012371981709,-89.05857062724363,-1845.153681722954,-88.94283490195843
0,8,1.0277471877378732,-95.09613639799043,-1750.6597924029247,-92.52872450792314
0,9,1.042265254398419,-85.1019558894804,-1735.0067989756783,-81.65095740296941
0,10,0.9866960577712799,-79.1173187197518,-1684.2643431181427,-80.18408312936779
0,11,1.014028604644319,-83.01112075653944,-1752.1332946624145,-81.86270128509486
0,12,1.0294588748464166,-106.22497625477749,-1745.6554185898974,-103.18525474912734
0,13,1.0967669695097018,-95.25437128871114,-1606.365021362905,-86.85014587127256
0,14,1.073937522820534,-88.17918765363834,-1680.6127774308425,-82.1083031180893
0,15,1.0055973605470163,-80.22169880057902,-1646.1677402560372,-79.77516842023203
0,16,0.9869639346720023,-86.50319396403094,-1608.7513199003367,-87.64574968261485
0,17,1.013931514535128,-93.27338892437687,-1587.817409478213,-91.99180377300068
0,18,1.0245097828146446,-94.75393006145146,-1593.7295250456539,-92.48709153477594
0,19,0.9926018597587672,-84.66544886519875,-1556.7641854743752,-85.2964842175241
0,20,0.9869976059666149,-88.5112311869301,-1471.9262497352483,-89.67725012893698
0,21,1.0175817500872426,-86.1143623189786,-1534.721273761776,-84.62648068481532
0,22,1.0889369003981697,-94.25805049154143,-1527.4659776041556,-86.55969914976339
0,23,1.0095329255298138,-86.75992333085631,-1563.9548668247267,-85.94065744346453
0,24,1.0447933039273876,-104.48380852078596,-1474.515613939222,-100.00428613777515
0,25,0.9831700343993139,-90.74777596676059,-1490.3555777633335,-92.30120202168756
0,26,1.031734986170593,-91.2933589861901,-1466.2963108621777,-88.4852798537309
0,27,0.9679522992013486,-96.03133682660368,-1497.7859284777705,-99.21081535302775
0,28,1.0577364696866733,-79.86151621081288,-1433.1904507039835,-75.50228104971153
0,29,1.0826862866129279,-92.29146706493661,-1416.7061180793967,-85.24303688528367
0,30,0.9989005901153987,-103.48278092418369,-1461.0086618769217,-103.59667613393718
0,31,1.0626713343266674,-95.5858820278863,-1438.9853286487223,-89.94867833566968
0,32,1.087715992215314,-86.10756496566557,-1431.7294903190975,-79.16364711186534
0,33,1.042047193437186,-89.26358229406812,-1419.193173830723,-85.66174627814385
0,34,0.9957008294834928,-98.42228840441693,-1380.491964283718,-98.84724958547262
0,35,1.0905911033629168,-110.39451568888316,-1435.412401367056,-101.22447849471142
0,36,0.9948442076435267,-82.72734232670184,-1410.1977691757288,-83.15607779700193
0,37,1.0337070188053183,-97.4506708826118,-1388.4335065776388,-94.27300880208594
0,38,0.9887405141987127,-94.54277269878737,-1415.8375520595794,-95.6193979523596
0,39,1.116356703332866,-99.6179923067946,-1392.2670687619957,-89.23491211132301
0,40,1.0073602978451528,-90.00248454119128,-1387.8462760337177,-89.34487961627617
0,41,1.0443464794770785,-86.09800279159808,-1413.0256172314892,-82.44199074114634
0,42,1.0208183760342875,-90.4671229160763,-1368.5307044363879,-88.62215359751487
0,43,0.9956037536534874,-93.89571032710833,-1365.077316332257,-94.31032173447193
0,44,1.0682899774237806,-92.61777073697672,-1386.1958917274483,-86.69721956984729
0,45,1.0818224935731913,-98.34462103383989,-1364.1829798963145,-90.90643023053978
0,46,1.0577614586490507,-88.61881177776455,-1330.3273482095935,-83.77958097560722
0,47,1.033610573272885,-90.49224982703132,-1332.0814001249903,-87.54965570881434
0,48,0.9933196913430705,-85.5357426673554,-1355.0834368798553,-86.11099066374317
0,49,1.0017804206208658,-100.53370490650511,-1370.0734277878037,-100.35503074036734
0,50,1.0443707758853056,-109.64871473914303,-1346.1332203706834,-104.99021733559579
0,51,1.0182121386999092,-88.75812616022979,-1321.9477226151355,-87.17056376243897
0,52,1.0332785745333806,-84.65483593165747,-1316.7449987246841,-81.9283763528019
0,53,1.080098223727045,-91.30067885890693,-1290.6028592072846,-84.5299777865201
0,54,1.1204207072516248,-104.60827771890993,-1284.6931881515811,-93.36517706416946
0,55,0.9859914384825368,-95.82599426816273,-1294.295753723466,-97.187450649309
0,56,1.0171835377365832,-98.887632111535,-1292.1689618076537,-97.21709843198781
0,57,1.057284102570283,-83.50733407710932,-1337.214471576264,-78.9828711829687
0,58,1.0130433769875493,-90.579634969129,-1292.6640069497332,-89.41338251327639
0,59,1.0785926216789452,-98.85996051812967,-1306.2549543778405,-91.65644056070356
0,60,1.038478284415372,-92.41922660081126,-1286.978985949965,-88.99485717492894
0,61,1.064780975747347,-99.27335993486321,-1263.5233481756345,-93.23359657622109
0,62,1.0370539556161618,-98.62931646897869,-1277.4135589880113,-95.10528930038018
0,63,1.0728968444824947,-86.70914334542633,-1287.7010795597744,-80.81778205550596
0,64,1.0174860817282387,-96.47612444632934,-1256.7634863190701,-94.81812692952121
0,65,0.9786225122147796,-84.14470959142595,-1256.5522659178466,-85.98280597591506
0,66,1.0915283329392724,-91.49164458413178,-1227.0921129059702,-83.81976154275598
0,67,1.0380854434097864,-82.73674724993955,-1170.554487564597,-79.70128834306277
0,68,1.1348241766049156,-92.99262877241472,-1257.462245436944,-81.94452558335803
0,69,1.095196577798571,-103.7962092156302,-1200.9695410625613,-94.77404451378814
0,70,1.0849198422248945,-96.51441437076382,-1233.4929536757327,-88.95994949528927
0,71,1.0645512305169553,-81.48261510595678,-1206.6125033153469,-76.5417508994735
0,72,0.9948418737158236,-81.61503115586663,-1240.8317208586268,-82.03819452334388
0,73,1.1009417668664563,-96.55818820664301,-1264.9675568577318,-87.70508224197064
0,74,0.9882132364709076,-86.3048857963172,-1211.3836180214266,-87.33427423470658
0,75,1.1045266138914145,-82.6948064560113,-1224.8604564277853,-74.86900307876239
0,76,1.0806055063337296,-100.98147825077675,-1237.760298765309,-93.44897620722473
0,77,0.9746285034190294,-100.01295587363525,-1210.5323900372211,-102.61648979358438
0,78,1.0245128641243781,-96.92208934461149,-1219.726378846718,-94.60309649449647
0,79,1.020048734793385,-105.78874434352093,-1223.288992466581,-103.70950008084552
0,80,1.1371456926407728,-99.1936466455237,-1180.959655824941,-87.23037627233859
0,81,1.056490412290513,-92.15787877535053,-1180.149168535711,-87.23020834192769
0,82,0.9995504590204537,-88.31480099329553,-1219.9176661761978,-88.35451997075053
0,83,1.0138511576914573,-94.79584463219703,-1220.1154992664679,-93.50075098601998
0,84,0.9759337702497944,-86.91238275515019,-1188.5557493473107,-89.05561566222326
0,85,1.04785453240647,-90.11208422367201,-1209.5445127809735,-85.99674996559246
0,86,0.951734217278572,-93.05563121602279,-1198.4192374137767,-97.77480889791889
0,87,1.0138895080911732,-84.9870089634382,-1153.444796006885,-83.82275216896299
0,88,1.0267367538080412,-95.70009254432179,-1168.5804455548698,-93.20801285176735
0,89,1.042539556910909,-103.92925320633091,-1121.3091155068369,-99.68854660467551
0,90,1.0799109073057696,-105.8797338326379,-1175.530579608407,-98.04487862502788
0,91,1.1307063304415361,-81.60211678307368,-1159.8513416839658,-72.1691517825043
0,92,1.0621919947238332,-86.57993201716383,-1150.2058535455753,-81.51062373584764
0,93,1.042398745751753,-90.91467577453801,-1153.034219690275,-87.21679313703753
0,94,1.0339709324362252,-90.26007914398852,-1137.1298683688992,-87.29460017925186
0,95,1.1005421218760234,-90.61936117667628,-1180.9220760355656,-82.34065682302399
0,96,1.0529577847810345,-93.0007289923146,-1141.0063614177086,-88.32332153910079
0,97,1.090725272000963,-101.63110838475419,-1171.7949376263339,-93.17754983187412
0,98,1.1502868434251994,-90.25183387421856,-1176.6472085459661,-78.46028526717427
0,99,1.073123159914788,-83.07602327626617,-1134.7801752341063,-77.41518064232523
0,100,1.0244724197013353,-79.44912837672501,-1147.1685845385832,-77.55126136034666
0,101,1.0526858737095717,-105.71243630873565,-1122.7975979620887,-100.42163474295936
0,102,1.118517296108963,-102.22327218124471,-1144.6939507411228,-91.39176706239004
0,103,1.0598364705144816,-95.35484281429632,-1141.4797626182421,-89.9712790294976
0,104,0.9890365417936955,-85.47943739137577,-1100.4924902211994,-86.4269759298803
0,105,1.0122691098135101,-108.73246038390957,-1118.9339263470054,-107.41457911714929
0,106,1.0009497999688568,-87.60955928151482,-1154.3301159790597,-87.52642668417604
0,107,1.0730372816170295,-72.64579314169524,-1122.2106596856331,-67.70108959515422
0,108,1.0064160245735052,-83.99452528705557,-1109.455535120863,-83.45904997155667
0,109,1.0215810597888757,-93.31324294491284,-1130.8685918308438,-91.34198608204166
0,110,0.9848602679160358,-88.1382073549907,-1127.1565495440218,-89.49310904935899
0,111,1.0630037908390113,-75.68747639173642,-1120.267842376782,-71.20151126836298
0,112,1.1601372969841088,-95.0123458691017,-1085.1395697561031,-81.89750136996341
0,113,1.017670414380502,-103.5806076728105,-1125.2083538227,-101.78207620967767
0,114,1.1264431308647587,-104.13043580529651,-1134.392212113809,-92.44180460788701
0,115,1.0738119535803758,-98.56428561909684,-1104.5288320108032,-91.7891491992217
0,116,0.9222275852032893,-79.77439991448755,-1102.7967232876028,-86.50185832047373
0,117,1.0197769898777576,-95.1897772710895,-1140.0221371775942,-93.34371947586311
0,118,1.0774899196911338,-87.10542868362921,-1073.1086268466574,-80.84106133317542
0,119,1.0356340181306967,-89.75541169542086,-1120.4921601267858,-86.66711417748519
0,120,1.0767507936920846,-94.30063906671523,-1084.7256055231528,-87.57888976646728
0,121,1.0988620876783652,-97.25249665695333,-1081.034922673464,-88.50291383009197
0,122,1.0925049412230468,-98.47329031818211,-1080.6077723981844,-90.13532717567611
0,123,1.1803726169035442,-97.63156478679554,-1099.8325026087803,-82.71249551934805
0,124,0.9840567343916145,-89.69698831416056,-1103.4012177296386,-91.15022048969061
0,125,1.0836073443233782,-93.67762764080314,-1083.3453566202043,-86.44979025986295
0,126,1.0295539544593932,-87.67785989878672,-1069.8990906226045,-85.1610151357491
0,127,1.0320400544717054,-97.13007223795941,-1117.4931334456362,-94.11463423062554
0,128,1.0441270274082526,-93.59185135193798,-1084.2583623608796,-89.63646078988401
0,129,1.050111718077665,-95.24197610437697,-1117.3619394537723,-90.69699391482555
0,130,1.072432403576083,-95.94307039641869,-1074.664998397537,-89.46304687968342
0,131,1.0763132227708083,-95.11149962513788,-1083.9240416312311,-88.36786319533218
0,132,1.0994598422005162,-99.00660015517127,-1090.1874197641732,-90.05021953054174
0,133,1.0332105515993377,-100.63098424434882,-1071.8609780521076,-97.3963962026705
0,134,1.0335522349978423,-89.67919120252401,-1042.949113124995,-86.76793312019805
0,135,1.173196463868076,-94.51632892175445,-1089.689088508849,-80.56308711511991
0,136,1.0237343620188821,-93.43283314778675,-1058.7784355152073,-91.266676800347
0,137,1.0447520440801792,-88.57584020099262,-1080.047116472583,-84.7816864325703
0,138,1.154695979613546,-98.53010372073535,-1070.8862740234667,-85.32990974274583
0,139,1.0301626223334983,-94.71220990155754,-1055.6934528727402,-91.93908597364738
0,140,1.0516359248192628,-108.08045125268173,-1056.9265097877312,-102.77363933840198
0,141,1.0061857694579919,-92.75349736782023,-1007.1166714996451,-92.18327289381594
0,142,1.064017844663059,-96.04665815435621,-1078.5026208975087,-90.26790164855849
0,143,1.0543016379833348,-100.80261173323655,-1041.1563172301449,-95.6107892671508
0,144,1.0446262280670822,-102.84459911204831,-1087.5652935365656,-98.45109796098667
0,145,1.0359091620922605,-106.95802446982292,-1037.9932233745383,-103.25038949727619
0,146,1.0599726519871222,-98.96344361505652,-1068.577198034138,-93.3641480556414
0,147,1.1326826602940023,-97.93163752064471,-1051.1980080098294,-86.45990704512533
0,148,1.0783425426677862,-87.70578066308416,-1067.385286873898,-81.33387786602832
0,149,1.1063326539634615,-90.80025574340503,-1033.1307807176381,-82.07319509020283
0,150,1.0444796393562068,-93.17185288662455,-1042.6401011312412,-89.20408725636197
0,151,1.0687226579132232,-96.33197639690323,-1035.256767917632,-90.1374886025155
0,152,1.1254989209259736,-91.63547664938642,-1062.0901115665501,-81.41764949360932
0,153,1.0757862616467802,-100.51978348226433,-1063.51725945658,-93.43843388406148
0,154,1.063013954362807,-97.66719966002789,-1042.3040178114234,-91.87762706141677
0,155,0.8938236425440742,-101.2203858043307,-1048.6315076313917,-113.24424750751606
0,156,1.0653435531596671,-100.72040175239255,-1038.4079201161906,-94.54264913291985
0,157,0.9870794177761589,-92.43968001329213,-1046.3046996525497,-93.64968851397404
0,158,1.0009712798174193,-92.93616018941476,-1028.0845966493707,-92.84598076217196
0,159,1.0841366747539394,-83.4818921544219,-1019.7992159655056,-77.00310680234975
0,160,1.0431068026209427,-96.31067363960537,-1041.7494231949413,-92.33059682633856
0,161,1.21746733158483,-95.8653448394017,-1068.7137276471385,-78.74161577264634
0,162,1.0017930106800204,-90.09622422826823,-1038.5795020941566,-89.93496986678977
0,163,1.0245232161819262,-84.48549237428551,-1009.6610934765707,-82.46322878766594
0,164,0.9782756800595057,-81.99846884651612,-1024.417737855508,-83.81938804972478
0,165,1.0687143564384978,-89.58853892461413,-1043.6711278625519,-83.82832923024344
0,166,1.0056441710520705,-101.75464003801659,-1028.5733619936796,-101.18354281471584
0,167,1.009072609968784,-89.95503277584943,-1030.2246441128138,-89.14624367678778
0,168,0.9476254620059953,-88.47083116890728,-1028.1633550788713,-93.3605466674845
0,169,1.050574384515786,-79.12346696137674,-1034.7239936321737,-75.3144833222305
0,170,1.102987742169174,-94.5992936961173,-1030.3888971055783,-85.7664052640105
0,171,1.001728719934239,-99.05620796744049,-1022.9194662744653,-98.88526304201727
0,172,0.9796727011579996,-102.66357705603065,-1024.7218761086813,-104.79375094833154
0,173,0.9633751148496609,-81.93528704405654,-1017.8016995008188,-85.05024240411578
0,174,1.0424508885586947,-78.37602865206165,-994.8225181146374,-75.18438471516419
0,175,1.0706443870642535,-83.29084980525506,-981.9563623151105,-77.79506511367575
0,176,0.9679959674834661,-85.51554920302868,-998.4404169457653,-88.34287752804026
0,177,1.0103405871277324,-98.01839432545307,-1005.955481252593,-97.01520019512101
0,178,0.9770163688159168,-94.55398802052228,-1000.2921766520117,-96.77830488665799
0,179,1.0286743514770778,-96.24616857322903,-1019.1018709005949,-93.56330157841377
0,180,1.1149678065974638,-110.7269374340384,-1016.3243771501029,-99.30953770938257
0,181,1.0045322968486956,-93.1916689029224,-998.7051156909106,-92.7712022752008
0,182,1.1141527585429571,-103.48698779012625,-1010.7311042451563,-92.88402061263328
0,183,0.9471861153480013,-89.8325213575487,-1003.4580610940268,-94.8414676924859
0,184,1.05766570057456,-105.7552322850895,-998.2857256595202,-99.98928038191998
0,185,1.0884207411650193,-76.7401798113504,-983.8054803359632,-70.50598808803439
0,186,1.1607684720947695,-96.8915988859866,-1003.5210154858958,-83.47194226522376
0,187,1.13140843017834,-97.01423278714975,-979.5869899800012,-85.74642914041019
0,188,1.0982204381541458,-77.53698675357955,-953.6613809229942,-70.6023891559524
0,189,1.0171256423868615,-83.35242350389967,-998.8574949188641,-81.94899433298994
0,190,1.0412307122747195,-92.28218492257078,-962.4389717955611,-88.62798977660479
0,191,1.1025211032472102,-88.06549003899013,-1004.9803599028718,-79.87646656341947
0,192,1.0436181035299277,-90.90226754569599,-965.1211723338697,-87.10299987919787
0,193,1.1498859202236498,-95.07633853695785,-971.7672047474089,-82.68327915387098
0,194,1.1072551849072778,-90.12732716696041,-963.7789048754695,-81.39706943391529
0,195,1.0826979554815417,-93.2799407523566,-983.5861236213723,-86.15509088208199
0,196,1.0535954111860697,-96.10555678515777,-1000.8343430067431,-91.2167571771866
0,197,1.189522546733614,-93.65417358518104,-966.7180862132632,-78.73257538695003
0,198,1.0481671279297158,-103.36651324120726,-1006.3146903188132,-98.61644244212401
0,199,0.9567635241734294,-95.67443122379859,-965.0076701068264,-99.99799198705239
0,200,1.0811283333383237,-92.34201575168834,-986.3918206110386,-85.41263132615656
0,201,0.9560968049524536,-99.6386368479626,-938.3239485176733,-104.21396278268872
0,202,1.0037975071102654,-90.6377420320209,-954.9154410473909,-90.29484670962078
0,203,1.1561765160689172,-112.55114510171654,-971.6335364158679,-97.34771770352029
0,204,1.0275227948809853,-95.17281942249947,-997.3350964601208,-92.62356017466556
0,205,1.192345421562764,-95.1646807237548,-965.0980464610541,-79.81301307722211
0,206,1.0166782021354797,-100.24394126111345,-994.6797152454875,-98.59947921629113
0,207,1.0992040017304763,-87.41755422672819,-965.4474069724553,-79.52805310852833
0,208,1.057016360368543,-86.87935326181426,-986.0712861854206,-82.19300714657113
0,209,1.1608587147350897,-92.50697773747765,-980.2880760681319,-79.6884035613136
0,210,1.1009611414099774,-99.99121720972107,-953.7885490566292,-90.82174969560185
0,211,1.0636193794366107,-95.97436186107907,-966.225064460179,-90.23374688031333
0,212,1.035245443433779,-100.20096655250467,-947.8204923130102,-96.78957505975652
0,213,1.0445261417075389,-92.68651476456215,-974.5852364444951,-88.73546679553935
0,214,1.0486795127441926,-98.20513891751784,-963.4529853785349,-93.64647418402777
0,215,0.913150539516842,-88.68047542358975,-969.3906284704003,-97.11484753709018
0,216,0.9576530357549183,-97.17460413071714,-989.535592787762,-101.47161915913978
0,217,1.156695892153191,-111.92912397145423,-969.137328069684,-96.76625008419285
0,218,1.041977620413854,-96.19833511148816,-961.5509516011447,-92.32284189873482
0,219,0.9560245866589069,-80.47446167126714,-964.7215892514097,-84.17614232339722
0,220,1.0241020278053048,-87.44161174818174,-965.2676122603605,-85.38369163819831
0,221,1.2027076889647328,-106.60383862579656,-976.1283566436705,-88.63653205506573
0,222,1.0206634660360676,-86.15760519006227,-996.5853350727551,-84.41333314757607
0,223,1.1344134774346635,-99.71987584439456,-963.2521779428574,-87.90434689642333
0,224,1.0829825692144377,-102.69402405453305,-968.1875299109364,-94.82518645616257
0,225,1.0634493983665394,-100.35036035792874,-981.8939675819612,-94.36307972158065
0,226,1.0472843752823966,-90.7861863145102,-960.3200927873031,-86.68723458232634
0,227,1.1994105331947011,-102.24413259141876,-959.9577641909788,-85.24531823068574
0,228,1.076850390691623,-89.63759660011169,-926.3951333882255,-83.2405293947478
0,229,1.0339355560326113,-88.41513417567859,-923.8136135989814,-85.51319631074753
0,230,0.905711559406903,-87.37368417804646,-949.2018268416823,-96.46965777411776
0,231,1.071146894302946,-106.03934787035747,-961.1109435014359,-98.99608394921695
0,232,1.0442710700134947,-84.95956074992952,-940.9899983511051,-81.35776542084194
0,233,1.0440369639652451,-91.65607556212288,-956.6889397908664,-87.7900675221438
0,234,1.0409146720053963,-100.6203372257659,-939.951932121122,-96.66530786035867
0,235,1.0791193914269077,-108.39769162977434,-929.0617848237108,-100.45013785401564
0,236,1.0337351639685992,-90.5949486719036,-953.5347490197769,-87.63845115232581
0,237,1.1856932838335321,-97.14907973628715,-911.6500103853679,-81.93441007120235
0,238,1.0442809422071997,-91.67950191524557,-925.3878115474447,-87.79198988489736
0,239,1.1103410066488144,-96.95510665500906,-944.1163487412086,-87.32011704011093
0,240,1.079136379758488,-96.17550953644289,-952.3103935794802,-89.12266451249384
0,241,1.106525611518308,-96.63229634919944,-924.5243675566245,-87.3294710427953
0,242,1.0737551381123935,-87.88927752738411,-962.179541883368,-81.8522532817761
0,243,1.031054233948543,-98.30821971467532,-953.9394133312791,-95.34728288558836
0,244,1.1133186648322382,-108.16928025110643,-946.7724741926447,-97.15931625686528
0,245,1.0785006187360335,-89.64682039133581,-942.0091111831377,-83.12171438195267
0,246,1.1915959287943911,-87.62546272225683,-932.5099655060667,-73.53622197325963
0,247,1.1389784743881626,-98.11653840229917,-932.115027024348,-86.14433073900321
0,248,1.1276618401954448,-115.20872812970393,-972.8215506420659,-102.16602533055132
0,249,1.0769702547631346,-93.48298621144596,-935.0009296122537,-86.80182743952042
0,250,1.0280247526377018,-92.20964691119,-957.9522339846195,-89.69594036972248
0,251,0.9999008154399995,-88.49157156284417,-912.7730972804147,-88.50034943106238
0,252,1.0849519005861035,-93.75700714337304,-925.3370035383917,-86.4158190724625
0,253,1.1298857500426287,-99.05215999790946,-957.5964020518572,-87.66564229540234
0,254,1.0951552414857477,-96.22765082234179,-920.6531216530044,-87.86667604475332
0,255,0.9358949706552168,-86.9359793959517,-911.4550882475003,-92.89074321564965
0,256,1.0816406245249823,-98.61626733220751,-948.6885499393012,-91.17285824533101
0,257,1.1256272934945966,-89.98100828168836,-932.8373374604598,-79.93854520205831
0,258,1.0023836860129167,-90.70455071521008,-944.1086228714503,-90.48885370031977
0,259,1.006677056226422,-97.96890283291904,-924.7668782639023,-97.31909774536857
0,260,1.0597690170929925,-99.10841179333266,-929.9510064312902,-93.51888024165186
0,261,1.0087680528896086,-84.71193932379089,-916.6961224472412,-83.97563650150713
0,262,1.0858877128590452,-99.08170637943442,-943.4662931139283,-91.24489135120716
0,263,0.9967047847959479,-108.87340442776201,-925.9016973677537,-109.23335182950015
0,264,1.054145103909673,-85.9868450937603,-908.3747235910196,-81.57021720714485
0,265,1.0314148168093764,-97.02495828397613,-906.6983983043431,-94.06977357967125
0,266,1.1456200360129798,-109.22404309249428,-940.8727323370007,-95.34054892459719
0,267,1.0911141307786367,-95.92668568372576,-930.4402670829106,-87.91627106439445
0,268,1.014544190305503,-103.61521371199728,-885.6263967309751,-102.12981820022677
0,269,1.0735134525926058,-100.31531707964395,-912.6226094324576,-93.44579412337669
0,270,1.0851756338047782,-103.78869194647848,-903.6504736487423,-95.6422985490199
0,271,1.0232688512084969,-100.91087889221521,-895.9518763594087,-98.6161933621236
0,272,1.0551179491734335,-100.72110388544223,-910.4167388343301,-95.45956825428466
0,273,1.026780391053273,-89.61023336016382,-905.0745646238614,-87.27302755386816
0,274,1.1069170632154475,-91.06365013907829,-939.0575997382457,-82.26781677260485
0,275,1.1510322536845223,-97.88368434487704,-911.8224713795071,-85.0399144172942
0,276,1.0405928065720063,-103.69452576497987,-923.4664877041106,-99.64947394416231
0,277,1.0514807292482922,-100.83307125235369,-902.3958955401567,-95.89626176453054
0,278,1.011372618432036,-94.36622128335647,-891.6098111953536,-93.30509800597085
0,279,1.1124800096649077,-102.28753297498343,-923.1211339936663,-91.9455020192171
0,280,1.0081796175663047,-79.49825406949427,-901.3980458177401,-78.85326452185086
0,281,1.0598270528659162,-107.23325825970832,-919.0333249058554,-101.17995947521347
0,282,1.046198108219277,-94.62732733117446,-904.8546453486838,-90.44876547544007
0,283,1.024756870421889,-92.07248606870542,-916.5399000443396,-89.8481276156748
0,284,1.0706445518572738,-94.59928357186507,-923.0413886161635,-88.35732027754808
0,285,1.067478414213747,-96.65470272791782,-891.9683716621923,-90.54487794875834
0,286,1.015685474307211,-94.043875506594,-903.1421215115382,-92.59153338856244
0,287,0.9335410423152,-80.91483638801716,-912.6353307882771,-86.67517840174096
0,288,1.045692049419519,-81.96696139161008,-902.840863576701,-78.38537305233534
0,289,1.2660280332779854,-104.8725817115316,-941.8583752253677,-82.83590801697866
0,290,1.073270036624977,-78.06002522167773,-884.4590057673818,-72.73102067318175
0,291,1.129504115521064,-94.14347182147289,-889.1190208427255,-83.34938361693577
0,292,1.0565959219589252,-96.98123868369112,-902.078132336215,-91.7864972485302
0,293,1.0513689977587541,-92.10934105063447,-886.9997890086031,-87.60895674780946
0,294,1.0976398094796804,-104.27002652660195,-897.7443336610206,-94.99475659144467
0,295,1.0689584561243304,-84.64215138328473,-886.4024199987688,-79.1818904638891
0,296,1.0763573601149397,-98.35180775038823,-891.4865287370203,-91.37467851744485
0,297,0.9909245892265071,-82.20238483589924,-879.2830608498413,-82.95523769378306
0,298,1.048101285367084,-94.55731538114011,-906.196101500817,-90.21772676103782
0,299,1.0602070757441562,-90.6251131496862,-904.3756000183705,-85.47869111897477
0,300,0.9550630957137866,-80.92204673122582,-917.0584959147877,-84.72952948804604
0,301,1.0721204900067036,-95.13143918749265,-911.900953519488,-88.732040917246
0,302,1.096310939618341,-102.9154446111989,-885.3017806750904,-93.87432058921794
0,303,1.0193595406808191,-94.82911469307786,-917.9523705397195,-93.02813277221355
0,304,1.0029562606880633,-83.2021108842923,-879.463932477168,-82.95686875438886
0,305,1.077504091258896,-92.64972830842167,-888.743976031122,-85.98550025009638
0,306,1.1209824447809735,-99.85635634743826,-891.9743714049677,-89.07932217167682
0,307,1.0279313442509872,-99.01995416058554,-904.9081505630554,-96.32934603500922
0,308,1.0627103910145108,-88.45976880881092,-886.8357008887687,-83.23977026738515
0,309,0.9137919603944404,-98.55026282623308,-922.567567153777,-107.84759233785951
0,310,1.2333764278158375,-103.82893471618354,-874.6118088240241,-84.18268127602552
0,311,1.0282794927357264,-91.24439022737808,-891.3301525904333,-88.7350091798713
0,312,1.235417491767082,-91.3483312322946,-890.6890173266281,-73.94126426171474
0,313,1.0606855418529746,-93.1234653358463,-906.8183682093362,-87.79554510865057
0,314,1.0296211294117454,-93.64462453607757,-887.5980953986184,-90.95056604906667
0,315,1.1915008452006808,-105.94660367632618,-884.4914393908793,-88.91861395069503
0,316,1.0767162518624604,-96.95795591199634,-904.7236812535454,-90.04968183983698
0,317,1.105473007975893,-95.67908575962127,-874.9480153288771,-86.55035904929824
0,318,1.0590455014753997,-90.88187851785243,-863.9410272009419,-85.81489500804372
0,319,1.0751677107311164,-98.95198650185338,-883.2181646583465,-92.03400131367954
0,320,1.046348281059511,-102.37056818933918,-888.1813953689873,-97.83603609085192
0,321,1.136750703396562,-101.74015809064139,-878.8661717358332,-89.50085342955688
0,322,1.1410555166008296,-97.33661611319324,-856.9268734322364,-85.30401430699544
0,323,0.9928271857969991,-92.26148930670571,-877.4794696259487,-92.92804490707226
0,324,0.9963434296725381,-87.81859810288681,-900.3597583233294,-88.14089147127672
0,325,1.2618706796406967,-94.2884699073384,-889.7214820895629,-74.7211829457722
0,326,0.9736054080427395,-89.30218821424327,-877.2098160158409,-91.7231842351507
0,327,1.1039148484953896,-90.00921428515403,-868.4305341205824,-81.5363743026326
0,328,1.035869342020984,-87.54871454224788,-852.2425523310244,-84.51714032914624
0,329,1.1262007184210066,-107.86368333070405,-907.6156830565528,-95.77660675082385
0,330,1.015789461650575,-89.20970458128552,-892.8114820130962,-87.8230262758653
0,331,1.1061688615894465,-98.32072620746874,-861.8837081176191,-88.88401185528976
0,332,1.0746296341669261,-103.40804653246775,-895.0837700448247,-96.22668428703038
0,333,1.1592620745552797,-86.8649412511851,-888.812585187328,-74.93123699790536
0,334,1.0640797012504586,-101.07560129007229,-894.8914594578615,-94.98875053371734
0,335,1.1276837800368873,-94.94428539605383,-874.9060811366628,-84.19406847631357
0,336,1.084906203103047,-109.96671944681319,-906.8760081333479,-101.36057765388985
0,337,1.0848090675307847,-84.72392704483303,-863.6448776513507,-78.10031237817685
0,338,0.9730897675402695,-78.40630312544492,-845.3625313170402,-80.57458390877615
0,339,1.0524259189367013,-98.97269299502256,-891.1742281272436,-94.04243207447584
0,340,1.0467123850872702,-109.23157819762682,-854.5381463408257,-104.35682213554736
0,341,1.1512110687061792,-105.88785738234131,-860.1616954936504,-91.97953378032261
0,342,1.187055025837325,-107.73351864729042,-851.861926018784,-90.75697107747584
0,343,1.067004524193552,-88.6116716011862,-852.7514933544156,-83.0471376568524
0,344,1.169482071420728,-92.80625492755314,-840.5643223348152,-79.35671456237789
0,345,1.0040568160154335,-90.97442521013986,-862.3346003780314,-90.60684989039652
0,346,1.0726870251853617,-109.15877280091296,-856.1821783278157,-101.76199603239368
0,347,0.9839930060601944,-105.22659902934282,-875.5363032792047,-106.9383607213421
0,348,1.0590627150269132,-97.03725611231135,-858.8710349276749,-91.625599443226
0,349,0.9918370988932105,-99.46005271374104,-884.0865724275473,-100.27861714865108
0,350,1.0468780102080335,-100.61354059176143,-874.6126722298133,-96.10818033303394
0,351,1.06836389992457,-78.09724105753422,-835.971213303156,-73.09985021306706
0,352,1.1131024347624412,-92.80306561496509,-853.6277536368823,-83.37333808345426
0,353,1.1013292709494202,-88.67054758120997,-819.695037343841,-80.51229538716424
0,354,1.0928703472343828,-92.79529791991403,-877.0704734029473,-84.90970420667169
0,355,1.1446366588079888,-91.38332372755524,-852.575303539427,-79.83609735400293
0,356,1.1166389611132332,-105.05650448390446,-862.7669790098647,-94.08278605930818
0,357,1.1169209398331552,-99.39258578267248,-864.0936256502139,-88.98802255199877
0,358,1.1307993490638693,-91.82418189258533,-867.1225696272006,-81.2028959590416
0,359,1.1070835134786379,-100.32875040122698,-868.7210327913875,-90.62437402394116
0,360,1.086266052395474,-103.06757957573366,-873.0917192180575,-94.88244555598993
0,361,1.0121117958717278,-88.21644789163189,-845.506790264066,-87.16077438426791
0,362,1.105944509109357,-108.89364941685815,-863.1805547533232,-98.46212763835028
0,363,1.0240814690699158,-98.9171578570363,-872.3064307222912,-96.59110221657869
0,364,1.1600416311646011,-99.61103595008709,-848.5090097840077,-85.86850098654178
0,365,1.0781395209385898,-93.11719050905381,-854.9989551264085,-86.36840473855305
0,366,1.013945555001151,-99.60361319338251,-878.0867890459856,-98.23368986835735
0,367,1.1629237474444865,-105.10214549176534,-844.6108398526023,-90.37750387566362
0,368,1.0960216855502154,-97.0241609901633,-842.8823701016727,-88.52394279174874
0,369,1.1001032265914452,-104.92951667251984,-889.2546817180626,-95.38151887585401
0,370,1.0165540057175995,-95.04360792814722,-855.5242338944232,-93.49587665148654
0,371,1.1009562831409836,-97.66228594481711,-850.9629397930601,-88.70677922486675
0,372,0.9289630093502345,-82.76232779550614,-858.0647235321023,-89.09109077808648
0,373,1.1012728016536095,-94.64578880835668,-838.6966090290118,-85.94218314139954
0,374,1.1604693733331743,-118.31082477260544,-843.9026167358118,-101.95083773110316
0,375,1.103934603983987,-103.6021895681404,-841.2386750774197,-93.84812215710124
0,376,1.0628970171343037,-103.84589662713267,-862.4116939424279,-97.7008072777488
0,377,1.1457955079816722,-95.62435489639864,-799.3320440270581,-83.45673746342547
0,378,1.057335465826186,-104.66360130423493,-857.8187245167622,-98.98807397182347
0,379,1.0705906533572909,-107.09236488129258,-853.2031797241278,-100.03110390087852
0,380,1.1817277068143495,-107.2580181336653,-886.985792818305,-90.76373306233704
0,381,1.1203548346533816,-88.61392334188692,-827.1620354815743,-79.09451595244155
0,382,1.0714494393471647,-82.89218657266402,-824.1749161645025,-77.36453399347552
0,383,0.9866874739305765,-99.28583433401975,-863.500010801108,-100.62541276469626
0,384,1.074753275853424,-102.5708957505284,-836.0178160416796,-95.43669049911054
0,385,1.2574271919227065,-115.37184568237379,-874.5684184001935,-91.75230695143551
0,386,1.1213240241928726,-105.78558864928446,-835.8265640160351,-94.33989316819353
0,387,1.1476140144319729,-90.01746108579871,-819.6420970648132,-78.4387955826368
0,388,1.1269743166299848,-83.11192247688163,-828.6473630233658,-73.74784078967565
0,389,1.0238757659630036,-84.20125700802872,-823.4581847128917,-82.2377673221257
0,390,1.09765520468749,-103.23081889618359,-848.9410102856627,-94.04667190146849
0,391,1.0082805179732952,-99.71429143264567,-820.7776888775459,-98.8953864080181
0,392,1.038609694842199,-97.88721812068738,-823.7225666233014,-94.24831927412333
0,393,1.0128504180099593,-100.57679164721763,-861.8505691817134,-99.30073568496928
0,394,1.0950195998922208,-97.95059911532707,-864.2444338276583,-89.45100080854081
0,395,1.205470800082726,-99.66761577594673,-845.8540055952637,-82.67941103932753
0,396,0.9956133551566089,-86.05735137413117,-818.2708571757781,-86.43651767868707
0,397,1.0449533310464187,-95.67500065867577,-817.7749332866894,-91.55911351836795
0,398,1.0760643443576454,-87.76342278172103,-840.2592419829771,-81.5596420808007
0,399,1.0163823035019173,-87.8465012796502,-826.5955811828842,-86.43056945893046
0,400,1.0526369953060424,-99.37868890853935,-848.048269928979,-94.40926867637415
0,401,1.0982686768075696,-91.51062558449875,-830.2506432742103,-83.32262179278428
0,402,1.070319632926299,-87.82451499183372,-812.65618661567,-82.05447446733066
0,403,1.0983206915956845,-93.30652054649919,-842.5821798645433,-84.95380380291272
0,404,1.1121001757278746,-107.66690019896915,-848.4009598379076,-96.81403038040227
0,405,1.1837366536633076,-95.25782461458496,-835.3088074060203,-80.47214244806119
0,406,0.9608164856560325,-89.36267528664291,-817.3056971268363,-93.00701707426188
0,407,1.0935483274077333,-78.78658070961148,-809.3063295865098,-72.04672965517292
0,408,1.155741909071329,-99.04893413954295,-823.9288019697567,-85.70160289431016
0,409,1.0215372567476526,-79.74288230106677,-814.6082405393483,-78.06164853443562
0,410,1.1091714275356979,-105.65693553628626,-838.80090852457,-95.25753451026917
0,411,1.1524137924882587,-103.74548116406864,-832.6706020974451,-90.02450494805723
0,412,1.1476394477687522,-97.41203505730495,-837.6003627139195,-84.88034743550689
0,413,1.0952793766503406,-99.13704846513531,-846.8014989356764,-90.51302396318565
0,414,1.0721719483018892,-105.66593208829931,-846.3612917151968,-98.55315861942994
0,415,1.095030044203814,-100.67713475119905,-840.8330189419553,-91.94006619644892
0,416,1.1720645165934498,-100.88618337371472,-822.9161286731262,-86.07562292469672
0,417,1.153828620196008,-91.28194614140469,-821.8953577384322,-79.11222216510635
0,418,1.0531700796307224,-94.57800924896002,-822.0433194850158,-89.80316767271086
0,419,1.0040170773494081,-97.86899563433023,-823.1794262376319,-97.4774212931747
0,420,1.0685225245154746,-104.46893812994139,-836.8383864496764,-97.76952355525984
0,421,1.0822845963333385,-118.25624130559896,-837.1831959525557,-109.26538334393572
0,422,1.0469153869593482,-96.00924636138218,-841.7809449690623,-91.7067869641601
0,423,1.0799310277256562,-96.27348999277075,-817.6822996345923,-89.1478136298422
0,424,1.038652523855185,-100.19627810595307,-834.2145706850911,-96.46756331371802
0,425,1.0676054181322223,-98.6834460590847,-797.8153332540594,-92.43438107660748
0,426,1.0614216220159813,-91.31539054833351,-792.060232599643,-86.03121384968226
0,427,1.155259207817655,-98.38187842376618,-827.9631124461889,-85.16000371000263
0,428,1.0318103684552056,-111.51202490888465,-848.5527155481132,-108.07414648860042
0,429,1.1448091956755715,-105.0473608630848,-845.6125404276835,-91.75971092815564
0,430,1.139757590297783,-82.04944419963505,-804.0902496682738,-71.98850430835743
0,431,1.1110119386457589,-101.64460165877274,-839.4427477007764,-91.4883073017829
0,432,1.1195578853046062,-83.51847627903139,-819.7053366013954,-74.59951591186186
0,433,1.0743465651598256,-97.96672048491271,-820.3205971733616,-91.18726085407891
0,434,1.1790520495563888,-95.77920438632843,-808.0397476478239,-81.23407649591448
0,435,1.1827313854419907,-97.40652764723305,-809.5258785173668,-82.35726966088069
0,436,1.0886870202582992,-109.68429831070077,-836.25285540386,-100.74915588198832
0,437,1.0911874710846352,-93.81768971715925,-850.8269571392598,-85.97760898400429
0,438,1.196651213303686,-94.60758825153856,-808.696858380127,-79.06028690711656
0,439,1.1575817713800578,-99.73018398898343,-809.6399985417806,-86.15389984077416
0,440,1.004582982709907,-101.32919381022788,-822.1860466101772,-100.8669224486442
0,441,1.1011648299715544,-104.54172799902851,-828.6140077068249,-94.93740187990663
0,442,1.1617774936521355,-93.68407123607416,-800.8415768682413,-80.63856611782967
0,443,1.0610761620061822,-89.17689477643756,-798.7535914965348,-84.04382076384636
0,444,1.0854765358671943,-92.19749390793163,-815.3715807829899,-84.93734397885851
0,445,1.176998050344619,-101.83000167547546,-803.3367792637583,-86.51671227973586
0,446,1.088601558984133,-88.07749766117371,-803.7104460693913,-80.90884762590855
0,447,1.1181799023832812,-107.96686323792898,-812.7535214015894,-96.55589678173354
0,448,1.0703028189266746,-88.06011093350892,-815.0427946557023,-82.27588433506858
0,449,1.0768212212574948,-87.42357381289244,-799.3251788970845,-81.1867114866111
0,450,1.1318945793108794,-91.4983601430447,-822.8706697729739,-80.83646817952851
0,451,1.2252367881173034,-106.58991438462289,-806.3544519283537,-86.99535911618256
0,452,1.0432640855011799,-103.81649755923405,-815.3341054540687,-99.511234980701
0,453,1.1606031419935472,-91.91085971337485,-809.8302677170133,-79.19232370463965
0,454,1.1209670109969,-84.71288310824391,-831.8453565455734,-75.57125435199643
0,455,1.0897140578856446,-96.16854704020164,-789.6679351561664,-88.251175933984
0,456,1.203709219685727,-92.61534219501978,-814.8149811369262,-76.94162400716715
0,457,1.1276500295004375,-105.867878667475,-828.7203760434396,-93.8836304685557
0,458,1.0712286952356287,-98.53867984511808,-810.1770862334434,-91.98659472377503
0,459,1.0372458954904948,-109.67063273022868,-826.2968722598424,-105.73252996905562
0,460,1.0234679209057083,-102.2125664341468,-811.9990840521953,-99.86885211184222
0,461,1.0017093901892518,-87.69648591139709,-794.5451948103533,-87.54683421189523
0,462,1.0770203081181058,-103.93558477864997,-817.848355775156,-96.50290156576362
0,463,1.0482213508528182,-86.86980578341587,-786.2184618230693,-82.87353211489139
0,464,1.0722984462847593,-89.38736156743792,-835.741842899027,-83.36052511979508
0,465,1.1277987382643444,-109.18357656531279,-836.4523856598886,-96.81122425561827
0,466,1.1216586509455928,-102.12411201537105,-792.9111446073143,-91.04740727428731
0,467,1.0889182087663936,-94.54273643457118,-807.2921939146759,-86.8226242094676
0,468,1.0633382116628551,-95.09954934222174,-811.9077761418009,-89.43490255419718
0,469,1.0718433239314284,-102.61028646134392,-804.2202054602353,-95.73254240645758
0,470,1.098130265512851,-100.53445383877053,-795.9448530337984,-91.55057190944348
0,471,1.1599298087850605,-94.8972589837687,-790.3028823979217,-81.81293235593839
0,472,1.103363112284065,-88.91137279152,-792.4558876827508,-80.58215088182993
0,473,1.0971666434902563,-105.58441981256087,-797.0528261929808,-96.233712935968
0,474,0.9843495752058817,-89.39589451675528,-828.0346543312482,-90.81722262952943
0,475,1.0699152478075524,-101.40355317407587,-797.4227481268243,-94.77718294217217
0,476,1.0766181339383116,-94.53810302250805,-783.4272055071019,-87.81024584518556
0,477,1.1201966782766537,-103.89922175700954,-801.7328140808324,-92.75087470965494
0,478,1.1018859382748707,-100.97526869078219,-797.1163110431335,-91.63858543187382
0,479,1.1218457944912352,-102.30601513042895,-813.1521784027684,-91.19436524413359
0,480,1.0353452289651661,-89.44605098807165,-794.6589903024219,-86.39248869430105
0,481,1.1098030828494916,-106.78184883859163,-806.6804199794536,-96.21693297555301
0,482,1.102024091167953,-95.67951970487408,-805.5606157378411,-86.82162256858695
0,483,1.160042105679136,-100.96353241584539,-821.5616588506081,-87.03436877124147
0,484,1.276533680997446,-94.26608593925602,-791.8395732228055,-73.84535742574317
0,485,1.2027031560324066,-97.72638139963955,-776.9282106750129,-81.25561233415965
0,486,1.0492030031915633,-99.25104554819539,-810.1414968653748,-94.59660832678169
0,487,1.1070260941535033,-98.06243353248598,-801.0802627985311,-88.58186274955898
0,488,1.013477700388321,-85.52752956564242,-789.7745280636744,-84.3901444825791
0,489,1.163984542007917,-98.38320053285,-796.6581865048757,-84.52277240996284
0,490,1.1293983137861552,-86.93004510626747,-790.1368704234569,-76.9702274610684
0,491,1.1094335589902702,-101.14046203193729,-800.2548969584498,-91.16405503722851
0,492,0.9412873534076428,-83.12617059985416,-786.3427853522932,-88.31115206097405
0,493,1.276565704539798,-96.8653912237622,-798.2189262701633,-75.87967535026502
0,494,0.9688557873007018,-85.14083165693833,-787.0381514071885,-87.87771386920905
0,495,1.0223484574405495,-92.76577183191351,-799.8837713064011,-90.73791930410178
0,496,1.0905334872429124,-89.8727840982631,-774.1193605357388,-82.41176006935792
0,497,1.1359532228820657,-100.18857890124849,-809.1981871993092,-88.1978032925129
0,498,1.0415991666538662,-96.3926549141742,-795.6185439574657,-92.54294550161295
0,499,1.1843416172800996,-97.93702870999547,-802.3791823756216,-82.69322573913497
