0,0,1.0851501171604623,-92.14735998237936,-1902.5587809132317,-84.91669357554281
0,1,1.0686077311974276,-94.90204953061401,-1782.0713454276674,-88.80906132343961
0,2,1.1511445382983587,-97.24788446409573,-1638.5141911426513,-84.47929971317868
0,3,1.0078601683873434,-92.4095595487445,-1500.1070301963932,-91.68886959448666
0,4,1.0265769134454992,-97.75347977449758,-1512.522411046095,-95.22275291230508
0,5,1.0160846062943236,-94.66868417071038,-1396.435487053086,-93.17008011367137
0,6,0.898436841663615,-85.09339302392186,-1363.031235339745,-94.71271554977238
0,7,0.9238379757777542,-82.16876855576027,-1391.3802242476897,-88.94283490195843
0,8,0.8861205310298247,-81.9916024964732,-1276.239182633863,-92.52872450792314
0,9,1.1588970249328892,-94.6250516172233,-1232.7845914827938,-81.65095740296941
0,10,0.9296737721149402,-74.54503902645729,-1171.8252644724066,-80.18408312936779
0,11,1.0622835958094505,-86.96140468380548,-1202.1611739461905,-81.86270128509486
0,12,0.9269499380372574,-95.64756549606221,-1188.3578668505872,-103.18525474912734
0,13,1.0350847078479954,-89.89725786572194,-1070.8733463140807,-86.85014587127256
0,14,1.0267173110006336,-84.30201618822959,-1053.3800931120318,-82.1083031180893
0,15,1.0021680749360093,-79.94812696339986,-1018.5342055896313,-79.77516842023203
0,16,0.9482588798890619,-83.11086042107345,-989.7394095462869,-87.64574968261485
0,17,1.0263490108756281,-94.41569681108412,-926.8520252522775,-91.99180377300068
0,18,0.9791146226416263,-90.5554637272937,-924.6663771982139,-92.48709153477594
0,19,0.9893434370866377,-84.38751686717144,-922.9360922593964,-85.2964842175241
0,20,1.0125491610542008,-90.80262438370286,-834.0584179056071,-89.67725012893698
0,21,1.0250173682039638,-86.74361251191299,-822.7038789596226,-84.62648068481532
0,22,1.1193423258724686,-96.8899349731173,-844.7831405024345,-86.55969914976339
0,23,1.0663977952694272,-91.64692762171568,-792.2255244325654,-85.94065744346453
0,24,1.1309426003437013,-113.09910741017099,-766.1564995684886,-100.00428613777515
0,25,1.1030379527638774,-101.81172891564731,-771.7178865800093,-92.30120202168756
0,26,1.1668709255356893,-103.25090039920745,-736.1309175432949,-88.4852798537309
0,27,1.0767464936467481,-106.8248975632076,-716.3333003452816,-99.21081535302775
0,28,1.2926800562704341,-97.60029291588722,-668.365229520696,-75.50228104971153
0,29,1.1612058908219272,-98.98471658274222,-672.4694151636202,-85.24303688528367
0,30,1.1679882633950844,-120.99970185118028,-683.2731179925422,-103.59667613393718
0,31,1.177413126718488,-105.90675460339637,-648.8259198663017,-89.94867833566968
0,32,1.210393557830498,-95.81916847856873,-639.1426358780175,-79.16364711186534
0,33,1.2335814389312154,-105.67074023515339,-632.396529664338,-85.66174627814385
0,34,1.0615570760853388,-104.93199724903204,-628.3595809706967,-98.84724958547262
0,35,1.148863513517392,-116.29311001739984,-638.5421342791935,-101.22447849471142
0,36,1.2324896220685115,-102.48900289672665,-676.2967589709224,-83.15607779700193
0,37,1.1429136205909534,-107.74590581399487,-607.6707630555976,-94.27300880208594
0,38,1.1133353726763613,-106.45645805437958,-584.9704565554259,-95.6193979523596
0,39,1.1942208482128667,-106.56619243178477,-605.1568201733098,-89.23491211132301
0,40,1.294397865228615,-115.64782144441547,-597.1558210793943,-89.34487961627617
0,41,1.2346111414810064,-101.78380029489324,-562.2289897800704,-82.44199074114634
0,42,1.195440601694998,-105.94252062011971,-554.2048732608016,-88.62215359751487
0,43,1.1676467264021577,-110.12113843919042,-555.2789505493528,-94.31032173447193
0,44,1.244345661660018,-107.88130904972547,-578.2731762714368,-86.69721956984729
0,45,1.1994715734902142,-109.03967890900392,-625.9870773708572,-90.90643023053978
0,46,1.1311106526122887,-94.76397651290317,-521.674582254598,-83.77958097560722
0,47,1.1374629278367656,-99.58448771364877,-534.711866255507,-87.54965570881434
0,48,1.1147088449091205,-95.9886829367612,-557.9981668144436,-86.11099066374317
0,49,1.0719304430830352,-107.57361256713358,-613.893777747596,-100.35503074036734
0,50,1.1062738368953218,-116.14793056832329,-536.0217768806709,-104.99021733559579
0,51,1.126428112876247,-98.1913736372827,-528.5147821374283,-87.17056376243897
0,52,1.241829782898061,-101.74109781939062,-525.5330958761557,-81.9283763528019
0,53,1.2188420896765693,-103.02869476563615,-552.0572248351684,-84.5299777865201
0,54,1.1638928971100606,-108.66706642240997,-514.676187891101,-93.36517706416946
0,55,1.2439172095414122,-120.89314241413216,-507.7584566488051,-97.187450649309
0,56,1.1378583355849428,-110.61928581221919,-517.5081209824208,-97.21709843198781
0,57,1.3361306108305153,-105.53143191884787,-535.7184656917083,-78.9828711829687
0,58,1.1645348599002172,-104.12500087830286,-540.3896144046139,-89.41338251327639
0,59,1.240196341020575,-113.67198221435437,-512.9626217227625,-91.65644056070356
0,60,1.2136732469597487,-108.0106772702151,-505.3710413553684,-88.99485717492894
0,61,1.247239722327376,-116.28464510530857,-511.831727403412,-93.23359657622109
0,62,1.1409766031895585,-108.51290993130804,-493.23310077634875,-95.10528930038018
0,63,1.161299766523666,-93.85367143201958,-490.812273727989,-80.81778205550596
0,64,1.2155795288601798,-115.25897406039212,-489.49698057962166,-94.81812692952121
0,65,1.1551616373313325,-99.32403893348031,-562.7734230175192,-85.98280597591506
0,66,1.2987459113633932,-108.86057259510892,-482.9107952159775,-83.81976154275598
0,67,1.2655914838844105,-100.86927178159608,-503.8702741127112,-79.70128834306277
0,68,1.3401397516946902,-109.81711616802062,-498.48586716106706,-81.94452558335803
0,69,1.1884364467634794,-112.63292870737021,-489.5472766021698,-94.77404451378814
0,70,1.2699766187987465,-112.97705586853472,-498.14741520521915,-88.95994949528927
0,71,1.233818689012196,-94.43864274948646,-469.50553937273315,-76.5417508994735
0,72,1.268466011431739,-104.06266139208714,-472.7812701116109,-82.03819452334388
0,73,1.236311338913953,-108.4307876561291,-485.04784058756525,-87.70508224197064
0,74,1.3318845098923273,-116.3191670358943,-472.5509748102195,-87.33427423470658
0,75,1.3311240722008608,-99.65993225982098,-532.8927889584697,-74.86900307876239
0,76,1.244788752528923,-116.32423451809628,-479.0351162023964,-93.44897620722473
0,77,1.1183356838019003,-114.75968228265891,-481.34435434728573,-102.61648979358438
0,78,1.2218352441158928,-115.58939749947245,-484.0319878116069,-94.60309649449647
0,79,1.19450186397366,-123.88119115834641,-511.3985891355072,-103.70950008084552
0,80,1.1791078391776577,-102.85402047713117,-466.5483192565382,-87.23037627233859
0,81,1.2334763698387898,-107.59640072588229,-455.13389616110373,-87.23020834192769
0,82,1.1344499360159048,-100.23377952753393,-547.2483128223315,-88.35451997075053
0,83,1.1446008861554078,-107.0210424347946,-551.6834640137574,-93.50075098601998
0,84,1.2259645489408868,-109.1790276859905,-483.31918330355944,-89.05561566222326
0,85,1.2401487083823777,-106.64875839491177,-474.8888134515331,-85.99674996559246
0,86,1.1447517581427649,-111.92788438796549,-557.1021131946218,-97.77480889791889
0,87,1.2492534888110538,-104.71586558882134,-463.2300051726038,-83.82275216896299
0,88,1.1770042304808703,-109.70622544124551,-471.38151148574127,-93.20801285176735
0,89,1.2007492146482845,-119.70094404499304,-478.719287439685,-99.68854660467551
0,90,1.1403483260187341,-111.8053132147605,-530.6141261792154,-98.04487862502788
0,91,1.3040268219107767,-94.11050963893555,-531.9904512063354,-72.1691517825043
0,92,1.2066095408480675,-98.35149628015071,-471.661824985042,-81.51062373584764
0,93,1.2086268710815997,-105.41255979498881,-469.41734246691715,-87.21679313703753
0,94,1.2455435120781273,-108.72922289272128,-471.7865367592734,-87.29460017925186
0,95,1.2458834768986327,-102.58686381278625,-516.2146545992259,-82.34065682302399
0,96,1.0874486124464686,-96.04707345435844,-461.7134834830022,-88.32332153910079
0,97,1.2189288175573514,-113.5768006394575,-467.4635298013084,-93.17754983187412
0,98,1.3224958038199557,-103.76339803235467,-434.00950415719853,-78.46028526717427
0,99,1.2609035211894832,-97.6130738654278,-457.3569337631387,-77.41518064232523
0,100,1.3752588765789981,-106.6530605757146,-548.3816771630616,-77.55126136034666
0,101,1.1123190663120837,-111.70089899482164,-458.5212360652209,-100.42163474295936
0,102,1.1811938925052263,-107.95139707935543,-523.6390194398442,-91.39176706239004
0,103,1.2101671492801271,-108.88028626021398,-474.1473192617497,-89.9712790294976
0,104,1.1052271193483503,-95.52143764097082,-459.83159543034253,-86.4269759298803
0,105,1.0601732661508767,-113.87806517484992,-471.6210571996955,-107.41457911714929
0,106,1.1599115235457347,-101.52291092575669,-492.0180310898761,-87.52642668417604
0,107,1.3735411820846903,-92.99023463094966,-446.509021908813,-67.70108959515422
0,108,1.2189217607993614,-101.73005214597175,-452.6875311611795,-83.45904997155667
0,109,1.1835751840508526,-108.11010798862287,-463.1941420804866,-91.34198608204166
0,110,1.1456569776333951,-102.52840483250446,-567.4230091236818,-89.49310904935899
0,111,1.2949797008717423,-92.20451176392068,-440.4989191652896,-71.20151126836298
0,112,1.3129801309177638,-107.5297920705723,-443.0832412724444,-81.89750136996341
0,113,1.077220096183447,-109.64169792433991,-459.71793515845377,-101.78207620967767
0,114,1.133480744097021,-104.78100547261919,-491.1209864623866,-92.44180460788701
0,115,1.2463569304649476,-114.40204224593106,-542.8939698247697,-91.7891491992217
0,116,1.0808915066156777,-93.49912396507274,-439.30144624400873,-86.50185832047373
0,117,1.146184235328409,-106.98909973015168,-462.96950854208137,-93.34371947586311
0,118,1.1926342415456916,-96.4138178688404,-431.7560390567249,-80.84106133317542
0,119,1.2036983876660179,-104.32106559910561,-455.31859520080894,-86.66711417748519
0,120,1.264397279462363,-110.73450995905543,-445.42712755736653,-87.57888976646728
0,121,1.1447130712516895,-101.31044230516821,-465.8169262567417,-88.50291383009197
0,122,1.164193787676334,-104.93498794809597,-455.7001710721134,-90.13532717567611
0,123,1.332431150960724,-110.20870560367865,-445.0428738464195,-82.71249551934805
0,124,1.18010102149195,-107.56646830910036,-478.17517255222725,-91.15022048969061
0,125,1.2462359921019266,-107.73684013150378,-440.4130299048271,-86.44979025986295
0,126,1.2010834129474526,-102.28548270931519,-447.1536451373431,-85.1610151357491
0,127,1.136173628775142,-106.93056549465503,-531.1061171029813,-94.11463423062554
0,128,1.1317503348765214,-101.44609451609742,-444.1331140373335,-89.63646078988401
0,129,1.2475053979261659,-113.1449894844215,-437.1535382605249,-90.69699391482555
0,130,1.1807712017207617,-105.63538937372462,-549.156172300923,-89.46304687968342
0,131,1.2129228962529424,-107.1834045625661,-472.0061063310802,-88.36786319533218
0,132,1.2726900012275781,-114.60601400486885,-442.3662998364093,-90.05021953054174
0,133,1.1052651651009955,-107.64884392918658,-508.43450027015984,-97.3963962026705
0,134,1.2108013714031662,-105.05873241575401,-417.56983718095955,-86.76793312019805
0,135,1.2214712335422795,-98.40549339647964,-492.13664021484874,-80.56308711511991
0,136,1.1009351499398987,-100.4786925077063,-495.150802218578,-91.266676800347
0,137,1.133927564784928,-96.13629123484381,-433.09256168870957,-84.7816864325703
0,138,1.2107307024866432,-103.31154156595652,-439.2801046910681,-85.32990974274583
0,139,1.1679393386906693,-107.37927527188631,-423.38816744201284,-91.93908597364738
0,140,1.0688606814850952,-109.85070218194772,-426.09624722365027,-102.77363933840198
0,141,1.1919304934354817,-109.8760539468237,-474.77418770251484,-92.18327289381594
0,142,1.1989121342436617,-108.22328261917022,-428.4524977871014,-90.26790164855849
0,143,1.1493382548629045,-109.88913768237204,-513.6935209105246,-95.6107892671508
0,144,1.0242062363005888,-100.83422850228274,-478.9024084182333,-98.45109796098667
0,145,1.1376965173105316,-117.46760854200701,-426.7974247845748,-103.25038949727619
0,146,1.1919695309400296,-111.28721976449835,-434.6256499392455,-93.3641480556414
0,147,1.3054434107036528,-112.86851594210918,-433.53558856790823,-86.45990704512533
0,148,1.2744015425510673,-103.6520194141266,-466.5982267204569,-81.33387786602832
0,149,1.2339595754281194,-101.27500496753589,-432.77212326487404,-82.07319509020283
0,150,1.2881725567618487,-114.91025715463485,-464.9458190486521,-89.20408725636197
0,151,1.264355582648601,-113.96583692051512,-467.3114975571908,-90.1374886025155
0,152,1.2863670880612033,-104.73298469588192,-496.3773306580152,-81.41764949360932
0,153,1.1987584393151802,-112.0101111749122,-530.8614622359948,-93.43843388406148
0,154,1.143518010677437,-105.06372132303476,-421.1235220300607,-91.87762706141677
0,155,0.9891772343522682,-112.01863155578849,-442.1717853959608,-113.24424750751606
0,156,1.173644138915872,-110.95942603243114,-419.5646810295943,-94.54264913291985
0,157,1.1368809778450262,-106.46854945264892,-417.77478515037296,-93.64968851397404
0,158,1.1576618170669823,-107.48424679650208,-446.0826369969423,-92.84598076217196
0,159,1.293578773918354,-99.60958448528766,-415.7051498940283,-77.00310680234975
0,160,1.2256541345663523,-113.16537774718078,-418.80273606088457,-92.33059682633856
0,161,1.2368227730710741,-97.38942357602149,-506.5864711376172,-78.74161577264634
0,162,1.2102237302078522,-108.84143470831711,-443.6856174113951,-89.93496986678977
0,163,1.2201902245759155,-100.6208256536772,-419.2581291685078,-82.46322878766594
0,164,1.2407389966050542,-103.9979834248652,-420.9318240011082,-83.81938804972478
0,165,1.151880556641401,-96.56022253605144,-487.7275763178977,-83.82832923024344
0,166,1.0951731196090684,-110.81349623749009,-472.45882775819524,-101.18354281471584
0,167,1.1383773767028782,-101.48206701969721,-457.3152791563693,-89.14624367678778
0,168,1.108720940491121,-103.5107931059386,-449.89936700281214,-93.3605466674845
0,169,1.1609749589738547,-87.43822918516362,-419.4175269978373,-75.3144833222305
0,170,1.2003012173260816,-102.94552064407385,-471.0210205077278,-85.7664052640105
0,171,1.108618867964789,-109.62606837204157,-429.89885800042055,-98.88526304201727
0,172,1.1292701621863857,-118.34045612954206,-433.3100131046524,-104.79375094833154
0,173,1.1785426259327438,-100.235336019163,-421.9031878843057,-85.05024240411578
0,174,1.4048658066518813,-105.62397128049452,-450.78879387854465,-75.18438471516419
0,175,1.2832437188115708,-99.83002866166157,-422.6457934794603,-77.79506511367575
0,176,1.1568964418381598,-102.20356067393409,-427.50555691004195,-88.34287752804026
0,177,1.0452702252291273,-101.40710015860301,-480.43448955823675,-97.01520019512101
0,178,1.1033515458485519,-106.78049230129656,-409.09451960795275,-96.77830488665799
0,179,1.1437083281735103,-107.00912722664157,-431.7925513012398,-93.56330157841377
0,180,1.155875111487329,-114.78942297158767,-432.55245345133983,-99.30953770938257
0,181,1.1954292889573923,-110.90141237156573,-407.70291223697456,-92.7712022752008
0,182,1.1958459738083889,-111.0749820807529,-523.3234546847805,-92.88402061263328
0,183,1.0695644751246034,-101.43906461256071,-419.003841198371,-94.8414676924859
0,184,1.103783465052394,-110.36651436805101,-540.0348196253118,-99.98928038191998
0,185,1.2784769171048316,-90.14027828822017,-405.87177195966206,-70.50598808803439
0,186,1.1730113666494797,-97.91353707341659,-413.14534758236033,-83.47194226522376
0,187,1.1997763984291923,-102.87654193224527,-426.70964580110393,-85.74642914041019
0,188,1.3510419622334766,-95.38679038362946,-405.4126205253994,-70.6023891559524
0,189,1.1119061665385315,-91.11959214048268,-550.686759538906,-81.94899433298994
0,190,1.2051400575610074,-106.80914070089388,-417.2682653942374,-88.62798977660479
0,191,1.23647189876905,-98.7650062786338,-516.571854026717,-79.87646656341947
0,192,1.0992643858214883,-95.74922566541562,-412.0093999555328,-87.10299987919787
0,193,1.2333011242871286,-101.97338114021558,-405.17373485162614,-82.68327915387098
0,194,1.2310952977927236,-100.20754943420096,-418.65281729584024,-81.39706943391529
0,195,1.0625655542640722,-91.54543189579097,-439.76678576572647,-86.15509088208199
0,196,1.1173085970684018,-101.91726699077142,-427.9101071993889,-91.2167571771866
0,197,1.3751771527233536,-108.27123884720274,-402.1648167450229,-78.73257538695003
0,198,1.05389150520252,-103.93103096304775,-404.98042263591253,-98.61644244212401
0,199,1.127358146839033,-112.73355093414786,-396.4479479108599,-99.99799198705239
0,200,1.072222410966662,-91.58133748753824,-504.72122585401087,-85.41263132615656
0,201,0.977976460510914,-101.91880245803004,-395.9915395767189,-104.21396278268872
0,202,1.1109261074380041,-100.3109025768303,-420.5506621354359,-90.29484670962078
0,203,1.1715187190770275,-114.04467354910017,-483.98830847873415,-97.34771770352029
0,204,1.0325016559500706,-95.6339792603332,-471.37340068618624,-92.62356017466556
0,205,1.3445639711478694,-107.3137018123866,-412.189694429847,-79.81301307722211
0,206,1.1651498600431345,-114.88316940918756,-409.5354443802579,-98.59947921629113
0,207,1.2711575327801101,-101.09268377624244,-405.70436122064166,-79.52805310852833
0,208,1.183654540770569,-97.28812612862674,-446.22642316459974,-82.19300714657113
0,209,1.287090571141409,-102.5661928530782,-456.7561370448934,-79.6884035613136
0,210,1.2395968725237971,-112.58235687980718,-400.76235541674555,-90.82174969560185
0,211,1.203677552513405,-108.61233559900964,-406.8774539958881,-90.23374688031333
0,212,1.1101718416325508,-107.4530607949219,-522.1460703313162,-96.78957505975652
0,213,1.1614510082084564,-103.06189737352719,-506.4378257127464,-88.73546679553935
0,214,1.1593147231288021,-108.56573629064467,-470.0416969042916,-93.64647418402777
0,215,1.0391944799567252,-100.92121348238308,-402.6144088348494,-97.11484753709018
0,216,1.0282629372771477,-104.33950516684516,-456.7557410134217,-101.47161915913978
0,217,1.1844905199836302,-114.61870587909158,-413.92276161400656,-96.76625008419285
0,218,1.1069226129802732,-102.1942413923122,-413.88806642519046,-92.32284189873482
0,219,1.1929180486829631,-100.41523944608639,-420.08636696357195,-84.17614232339722
0,220,1.1185433610997293,-95.5053614280932,-418.47616068375567,-85.38369163819831
0,221,1.1570733974867644,-102.55897328639941,-454.37842939956715,-88.63653205506573
0,222,1.170871807128229,-98.83719192821962,-468.943319743701,-84.41333314757607
0,223,1.2070007506393177,-106.10061268844194,-416.49101180542834,-87.90434689642333
0,224,1.1092681017282542,-105.18655457625522,-425.3787084313061,-94.82518645616257
0,225,1.1290510697971758,-106.54073610900682,-469.14544891846685,-94.36307972158065
0,226,1.156551587757497,-100.25825879449613,-469.104804690587,-86.68723458232634
0,227,1.2936100124364391,-110.27419717654558,-416.3962525296933,-85.24531823068574
0,228,1.299470374542313,-108.16860190969334,-401.75011708341174,-83.2405293947478
0,229,1.199837976104152,-102.60198039168435,-455.59696452455466,-85.51319631074753
0,230,1.0689034837332732,-103.1167532693111,-463.70558010037166,-96.46965777411776
0,231,1.0778035433031299,-106.69833005360013,-402.7000706717064,-98.99608394921695
0,232,1.2128132258650806,-98.67177392922582,-412.8370660130496,-81.35776542084194
0,233,1.0745244447475808,-94.3325735585842,-470.4021386118643,-87.7900675221438
0,234,1.176005137466165,-113.67889865853026,-397.11538638549484,-96.66530786035867
0,235,1.1095061619920894,-111.45004692198518,-389.79863500036936,-100.45013785401564
0,236,1.0562747232817131,-92.57028073976088,-471.73584619655304,-87.63845115232581
0,237,1.3804717405912401,-113.10813768530915,-452.931558314814,-81.93441007120235
0,238,1.1914799419725848,-104.60239501371527,-411.44303121638916,-87.79198988489736
0,239,1.19152901977581,-104.04445346351238,-413.71737908174975,-87.32011704011093
0,240,1.2098091591171176,-107.82141581213716,-423.0616129091419,-89.12266451249384
0,241,1.2257506030803729,-107.0441517973963,-390.9003928128896,-87.3294710427953
0,242,1.1334881989946828,-92.778563156017,-420.0162105692882,-81.8522532817761
0,243,1.1226407039554063,-107.04074077891217,-420.0565039045972,-95.34728288558836
0,244,1.130503492771131,-109.83894638364114,-411.09115239405185,-97.15931625686528
0,245,1.1793246940823068,-98.02749038509322,-451.22421392466856,-83.12171438195267
0,246,1.2368781920259793,-90.95534928270646,-416.8093557178403,-73.53622197325963
0,247,1.2285981353578874,-105.83676411759248,-411.6106602337381,-86.14433073900321
0,248,0.9753760096924197,-99.65029011304782,-465.9984332274988,-102.16602533055132
0,249,1.1648738076066991,-101.1131752366938,-434.9282189271964,-86.80182743952042
0,250,1.1343007192922294,-101.74216967896912,-436.2114332429599,-89.69594036972248
0,251,1.143319357418435,-101.18416264282921,-388.03922084629784,-88.50034943106238
0,252,1.1526477600201221,-99.60700028417804,-416.99236223555675,-86.4158190724625
0,253,1.0881542995960518,-95.39374559059154,-461.1796673787824,-87.66564229540234
0,254,1.1792291489206783,-103.6149456107434,-410.4429323411787,-87.86667604475332
0,255,0.9640306620752891,-89.5495246828484,-395.9329130757187,-92.89074321564965
0,256,1.1489285275835577,-104.75109777939258,-419.8062078882453,-91.17285824533101
0,257,1.2083019447804613,-96.58989963056787,-389.55740778630775,-79.93854520205831
0,258,0.9411718612919964,-85.1655628633091,-427.4414837087531,-90.48885370031977
0,259,1.1275886673753586,-109.73591173687241,-405.55611437469975,-97.31909774536857
0,260,1.153096741443929,-107.8363160701338,-444.51168065069714,-93.51888024165186
0,261,1.206430123396551,-101.31073750681716,-409.84535934653906,-83.97563650150713
0,262,1.1346224680395702,-103.5285038209091,-398.9726260314619,-91.24489135120716
0,263,0.9148750373256654,-99.9348668322215,-431.3984995933333,-109.23335182950015
0,264,1.1297399174518634,-92.15313045413039,-392.85685340177014,-81.57021720714485
0,265,1.0995486047368184,-103.43428828743595,-394.91168245290834,-94.06977357967125
0,266,1.1095286836203906,-105.78307374395376,-388.8638769397754,-95.34054892459719
0,267,1.171532841239247,-102.99679883122982,-448.4621395144113,-87.91627106439445
0,268,1.0467345302112196,-106.90280727437164,-403.5107937211784,-102.12981820022677
0,269,1.1388427337346942,-106.42006363547573,-392.02899722972205,-93.44579412337669
0,270,1.1655998887006196,-111.48065254380901,-399.33254892825187,-95.6422985490199
0,271,1.119165717852231,-110.36786283597547,-420.17548303066235,-98.6161933621236
0,272,1.0542852801917924,-100.64161766395603,-426.52508696715705,-95.45956825428466
0,273,1.1646431387389626,-101.64193273758899,-400.16349951468123,-87.27302755386816
0,274,1.1527013839403595,-94.83022624753353,-447.6800648680826,-82.26781677260485
0,275,1.1578629539888539,-98.46456651416759,-406.57487145899177,-85.0399144172942
0,276,1.1358704881448578,-113.18889661233393,-402.87350496058286,-99.64947394416231
0,277,1.1345374414641467,-108.79789946830655,-392.6245928788424,-95.89626176453054
0,278,1.1347473098788,-105.8777089602532,-493.66554846199557,-93.30509800597085
0,279,1.1418608035299707,-104.98896481662977,-464.71903088470344,-91.9455020192171
0,280,1.145872800848495,-90.35581107370052,-409.313015345192,-78.85326452185086
0,281,1.0929907651249122,-110.58876132212117,-411.90879607269466,-101.17995947521347
0,282,1.05955403561586,-95.83535447597498,-398.80996161650853,-90.44876547544007
0,283,1.0359191665468641,-93.07539747542613,-419.520809871036,-89.8481276156748
0,284,1.1236078535332397,-99.2789789810048,-465.53948946333134,-88.35732027754808
0,285,1.130157829808811,-102.3300027628724,-396.2077310216792,-90.54487794875834
0,286,1.1183130581785574,-103.54632086520527,-436.721921807407,-92.59153338856244
0,287,1.1533101422202607,-99.96336232947834,-386.58303063922745,-86.67517840174096
0,288,1.0960243154707563,-85.91227484260571,-465.47856042618577,-78.38537305233534
0,289,1.2807780727156732,-106.09441462163872,-485.0812867897439,-82.83590801697866
0,290,1.1909447049739623,-86.61862395807759,-388.1387621892925,-72.73102067318175
0,291,1.2337715602635961,-102.83409907207586,-389.2967383526641,-83.34938361693577
0,292,1.1418828189502719,-104.80942421972304,-426.7387524452673,-91.7864972485302
0,293,1.1316345375145123,-99.14132125143627,-411.4637510998974,-87.60895674780946
0,294,1.129260810934779,-107.27385586300674,-443.63030602131283,-94.99475659144467
0,295,1.0961663524686478,-86.79652405137332,-393.09693312928766,-79.1818904638891
0,296,1.208148626355733,-110.39419233454771,-435.40459492700046,-91.37467851744485
0,297,1.1768701257980165,-97.62754102028683,-447.9188445107637,-82.95523769378306
0,298,1.0362230657280933,-93.48568940734205,-435.10423529017277,-90.21772676103782
0,299,1.1519061432238646,-98.46342941468222,-415.30366151617113,-85.47869111897477
0,300,0.996559895145536,-84.43805102233776,-401.83986023035953,-84.72952948804604
0,301,1.1586593509677336,-102.81020893921864,-403.32397414938214,-88.732040917246
0,302,1.034539378690537,-97.11668129736583,-382.89975563182617,-93.87432058921794
0,303,1.0310437693846255,-95.91607667227647,-460.6175683316004,-93.02813277221355
0,304,1.1090518827654783,-92.00347148038364,-384.25571068192363,-82.95686875438886
0,305,1.2175615159365516,-104.69263603307009,-387.1035081876033,-85.98550025009638
0,306,1.1433196717689658,-101.8461413867235,-410.1830861921509,-89.07932217167682
0,307,1.1498417744251388,-110.76350617410822,-381.1200167712108,-96.32934603500922
0,308,1.1435165980473068,-95.18605891839962,-392.7065592486883,-83.23977026738515
0,309,0.9825470620624732,-105.96533500207516,-475.51554777625654,-107.84759233785951
0,310,1.202602395028275,-101.23829412245021,-390.3705221583533,-84.18268127602552
0,311,1.129712810076372,-100.24507657274506,-485.75978790053347,-88.7350091798713
0,312,1.2537121529069832,-92.70106160621856,-404.9315908727958,-73.94126426171474
0,313,1.1201476863385194,-98.34397672428405,-390.0065048276805,-87.79554510865057
0,314,0.9699119351407702,-88.21403951879869,-454.5021301965996,-90.95056604906667
0,315,1.211692397317564,-107.74200850407266,-437.5186237928082,-88.91861395069503
0,316,1.0860293184451897,-97.79659459472433,-390.34791897210386,-90.04968183983698
0,317,1.0809197306253815,-93.5539907890975,-461.60373872021876,-86.55035904929824
0,318,1.1281286294817556,-96.81023989454512,-383.7947424409605,-85.81489500804372
0,319,1.0299610034587303,-94.79143234535948,-413.420521663247,-92.03400131367954
0,320,1.109568537514339,-108.55578748152664,-389.47747358391103,-97.83603609085192
0,321,1.1384179327484099,-101.88937654049457,-377.8580856227792,-89.50085342955688
0,322,1.2252800122877003,-104.52130369826554,-392.59237537739256,-85.30401430699544
0,323,0.9831146590135248,-91.35892318160987,-384.821752516361,-92.92804490707226
0,324,1.0197919336700882,-89.88537014889867,-419.6952829123763,-88.14089147127672
0,325,1.1715628075547424,-87.54055887576041,-444.69880093554747,-74.7211829457722
0,326,1.0687772787835443,-98.03165524820606,-398.5523858179748,-91.7231842351507
0,327,1.1611013911168642,-94.67199762941205,-441.96324617959186,-81.5363743026326
0,328,1.0396712751535262,-87.870043058333,-393.35474453669013,-84.51714032914624
0,329,0.9841770981242932,-94.26114290021741,-384.9063019830455,-95.77660675082385
0,330,1.0994115893061647,-96.55365289562613,-444.39073617506176,-87.8230262758653
0,331,1.0447440039055802,-92.86103842888649,-382.1895904833544,-88.88401185528976
0,332,1.0843219579363077,-104.34070671183171,-430.7961808118357,-96.22668428703038
0,333,1.1227207592515704,-84.12685529394767,-469.1587467382975,-74.93123699790536
0,334,1.020933159938631,-96.97716524101037,-399.66328574765123,-94.98875053371734
0,335,1.1347049478741593,-95.5354260817288,-442.3394524417139,-84.19406847631357
0,336,1.070470733760678,-108.50353193556566,-397.9589998230521,-101.36057765388985
0,337,1.120062059929831,-87.47719676346404,-392.39215910432523,-78.10031237817685
0,338,1.1997259962881555,-96.66742295546004,-375.8297716312828,-80.57458390877615
0,339,1.019961304025681,-95.91964165242891,-458.1366474327812,-94.04243207447584
0,340,1.0056672896275076,-104.94824247119581,-377.2892689562598,-104.35682213554736
0,341,1.1073354184648723,-101.8521955288374,-414.3361929995656,-91.97953378032261
0,342,1.0676090147603352,-96.89296047465622,-377.79201308004315,-90.75697107747584
0,343,1.1394752229473262,-94.63015569667918,-389.85844741738026,-83.0471376568524
0,344,1.1074373169510159,-87.88258705700738,-415.55379062723324,-79.35671456237789
0,345,1.002557486385933,-90.83857567546347,-383.46787831854766,-90.60684989039652
0,346,1.0681105576686132,-108.69306233163121,-418.0844305453257,-101.76199603239368
0,347,0.9373139562940571,-100.23481796732216,-383.0125476159716,-106.9383607213421
0,348,1.0971301205899124,-100.52520496626954,-493.15538256264733,-91.625599443226
0,349,1.030353508225057,-103.32242497907001,-518.7046755302429,-100.27861714865108
0,350,1.0712426720635577,-102.95518390712554,-441.69715484341924,-96.10818033303394
0,351,1.1172624634037651,-81.67171872349755,-390.6467500713654,-73.09985021306706
0,352,1.153180188874408,-96.14448175816766,-368.35718971104876,-83.37333808345426
0,353,1.1198344793394948,-90.16044438531267,-357.7275781480341,-80.51229538716424
0,354,1.1032572090659056,-93.67724328566419,-402.0620009942355,-84.90970420667169
0,355,1.263736079193813,-100.89175664828322,-432.6630188712039,-79.83609735400293
0,356,1.1127379550981693,-104.68948696957312,-447.19843047858035,-94.08278605930818
0,357,1.0115650953438522,-90.0171775172735,-380.86031927687964,-88.98802255199877
0,358,1.1977600758808133,-97.26158682564346,-388.65688234748916,-81.2028959590416
0,359,1.083540248516609,-98.19515675156333,-377.5599947011795,-90.62437402394116
0,360,1.0652092659093513,-101.06966017838003,-431.4963056742151,-94.88244555598993
0,361,1.112471841902983,-96.96390722095687,-379.9284225877755,-87.16077438426791
0,362,1.0433498978275761,-102.73045081135854,-385.87319807986677,-98.46212763835028
0,363,0.9385016313066556,-90.65090699996702,-384.731530222675,-96.59110221657869
0,364,1.1989371141965615,-102.95093277318898,-381.5738800922314,-85.86850098654178
0,365,1.1212296566900724,-96.83881679387706,-418.6882434057817,-86.36840473855305
0,366,1.0005071939416248,-98.28351340072203,-393.5946885187134,-98.23368986835735
0,367,1.1174711836173465,-100.99425622831916,-378.098854373327,-90.37750387566362
0,368,1.144784617057845,-101.34084794930266,-411.465831643912,-88.52394279174874
0,369,1.0908013971656476,-104.04229405356315,-392.0564521667431,-95.38151887585401
0,370,1.0810598122658897,-101.07463486049082,-372.0862677167786,-93.49587665148654
0,371,1.1202755267651738,-99.37603382377958,-386.72820565317147,-88.70677922486675
0,372,1.0304557397470935,-91.80442585260856,-467.4161672921428,-89.09109077808648
0,373,1.1741845534542332,-100.91198393476614,-382.32209491836704,-85.94218314139954
0,374,1.119872815718612,-114.1719717148018,-389.3356368319553,-101.95083773110316
0,375,1.0879970125178464,-102.10647653733606,-369.2018968600503,-93.84812215710124
0,376,0.9638080277587999,-94.16482237280967,-437.7524735562592,-97.7008072777488
0,377,1.1789197062180385,-98.38879241229753,-382.92679051320226,-83.45673746342547
0,378,1.007959905824367,-99.77600971837464,-450.0938993274492,-98.98807397182347
0,379,0.908283362073752,-90.85658736303876,-379.50163582710553,-100.03110390087852
0,380,1.1137343347066737,-101.08668585767606,-494.22393179844494,-90.76373306233704
0,381,1.222653441502896,-96.70518213325838,-452.09099549652717,-79.09451595244155
0,382,1.0742048984675712,-83.10536138345233,-374.52893649067187,-77.36453399347552
0,383,1.0284207622183992,-103.48526369400996,-422.844715616264,-100.62541276469626
0,384,1.0499857296335455,-100.20716310751945,-424.00057798189727,-95.43669049911054
0,385,1.051399682617274,-96.468346408142,-560.6163325236108,-91.75230695143551
0,386,1.0471100925665362,-98.78425426806426,-372.41677338518895,-94.33989316819353
0,387,1.0673553545187286,-83.72206846712739,-450.870986266914,-78.4387955826368
0,388,1.2723790622050326,-93.83520850361356,-386.8658069184055,-73.74784078967565
0,389,1.1327737429560447,-93.15678350183263,-374.00652474040425,-82.2377673221257
0,390,1.043226227459426,-98.11195473288336,-399.8967557544551,-94.04667190146849
0,391,1.0033906449712564,-99.23070555262291,-395.9002516580489,-98.8953864080181
0,392,1.0527090644258799,-99.216060006774,-368.4673450962972,-94.24831927412333
0,393,1.0007638962147818,-99.37659114108408,-520.609458014903,-99.30073568496928
0,394,1.1169082226591704,-99.90855832815134,-388.92672931970594,-89.45100080854081
0,395,1.185100564248125,-97.98341667440971,-425.0744540448464,-82.67941103932753
0,396,1.0821168956085752,-93.53441617767658,-365.699194634674,-86.43651767868707
0,397,1.0791708811217096,-98.80792921033978,-369.8056927537116,-91.55911351836795
0,398,1.104856609809982,-90.111709646709,-393.1204181090781,-81.5596420808007
0,399,1.0384314202696223,-89.7522189979494,-438.9967338594617,-86.43056945893046
0,400,0.9894611431315806,-93.4143029067417,-395.0104255861989,-94.40926867637415
0,401,1.1060256569812665,-92.15695750976583,-408.5055456924487,-83.32262179278428
0,402,1.0513286806391209,-86.26622238227517,-410.472053896936,-82.05447446733066
0,403,1.0831870803224877,-92.02086270356648,-372.33658124218414,-84.95380380291272
0,404,1.0564441563669482,-102.27861664970817,-438.02469164146834,-96.81403038040227
0,405,1.1400286471152168,-91.74054768552621,-452.394993958497,-80.47214244806119
0,406,1.0169302474739874,-94.58164889014651,-370.6213791210545,-93.00701707426188
0,407,1.1139804594900464,-80.25864900602468,-406.53027178224016,-72.04672965517292
0,408,1.084207233769674,-92.9182978036671,-368.00475463175775,-85.70160289431016
0,409,1.112429950348791,-86.83811580330699,-373.5234920296115,-78.06164853443562
0,410,1.0651696322867708,-101.46543300684777,-380.0041488242034,-95.25753451026917
0,411,1.099979223084537,-99.02508501133406,-398.8650644342663,-90.02450494805723
0,412,1.0415427480578439,-88.4065103240824,-373.29614481491285,-84.88034743550689
0,413,1.0838322224254398,-98.10093192046658,-377.8694104335717,-90.51302396318565
0,414,1.0847674112208376,-106.9072547432356,-389.9958969864682,-98.55315861942994
0,415,1.098359026766799,-100.98320162840673,-373.21294162785136,-91.94006619644892
0,416,1.1475980958786205,-98.78022096994809,-373.01650175156306,-86.07562292469672
0,417,1.2094189368644601,-95.67981962390789,-419.69805606231347,-79.11222216510635
0,418,1.1057137358595859,-99.2965960194179,-368.12402700664745,-89.80316767271086
0,419,0.9462858568408795,-92.24150513105121,-388.88916691188246,-97.4774212931747
0,420,1.0416109735984103,-101.8378086186469,-422.3738670021762,-97.76952355525984
0,421,1.0628044563207195,-116.12773633952662,-381.6032391640423,-109.26538334393572
0,422,1.0467909713336188,-95.99783660409841,-374.5248146842734,-91.7067869641601
0,423,1.1496516331112057,-102.48892952784149,-375.5119645116162,-89.1478136298422
0,424,1.1030454327980512,-106.40810512635349,-363.7786938062022,-96.46756331371802
0,425,1.040977869246229,-96.2221450582208,-460.70991457260243,-92.43438107660748
0,426,1.1269835675601132,-96.95576430584192,-375.31757834777204,-86.03121384968226
0,427,1.1102003360698078,-94.544664738551,-376.2047251356488,-85.16000371000263
0,428,1.0091930270158582,-109.06767503698595,-385.46555382328165,-108.07414648860042
0,429,1.0382158388241585,-95.26638525153741,-368.04029341508203,-91.75971092815564
0,430,1.155824343997883,-83.20606576759602,-391.21661674743484,-71.98850430835743
0,431,1.0902827460836493,-99.74812291953263,-406.46935750297644,-91.4883073017829
0,432,1.2350987316326354,-92.13776748314919,-373.3234309820002,-74.59951591186186
0,433,1.0583723080414977,-96.51007173411361,-396.9544056224057,-91.18726085407891
0,434,1.2417495695506449,-100.87237952164597,-444.17039536460663,-81.23407649591448
0,435,1.1961033563344596,-98.50780665992156,-375.3201719898975,-82.35726966088069
0,436,1.0627523944651738,-107.07140665392814,-396.6431113658026,-100.74915588198832
0,437,1.1314855239563815,-97.28241994978298,-433.59464456385865,-85.97760898400429
0,438,1.0672676150552756,-84.37848385294413,-502.7453150168981,-79.06028690711656
0,439,1.1047362145358446,-95.17733317759715,-366.00779898130907,-86.15389984077416
0,440,1.04282295022756,-105.18634164826966,-387.7468941482603,-100.8669224486442
0,441,1.0366315509001922,-98.41510614920244,-373.71942285576256,-94.93740187990663
0,442,1.1199997047801857,-90.31517024586672,-370.1209720162608,-80.63856611782967
0,443,1.1008216517052942,-92.51725758888105,-374.80416748849836,-84.04382076384636
0,444,1.1424334716487856,-97.0352647543944,-371.0943346467284,-84.93734397885851
0,445,1.0604241627620048,-91.74441218416015,-409.69508773670316,-86.51671227973586
0,446,1.231137471163916,-99.60991406094766,-391.73052045164303,-80.90884762590855
0,447,1.0994002583342868,-106.15357786553659,-369.5176363739735,-96.55589678173354
0,448,1.0877227571761658,-89.4933517580481,-431.0636919398409,-82.27588433506858
0,449,1.1597131062990087,-94.15329336833918,-459.713299701928,-81.1867114866111
0,450,1.0740349865097147,-86.82119501069289,-452.54132742966436,-80.83646817952851
0,451,1.0347383638430212,-90.0174355538148,-380.89931619069534,-86.99535911618256
0,452,0.9796762451860898,-97.48879303972383,-480.55876925252744,-99.511234980701
0,453,1.2303932545267613,-97.43770089648837,-462.6309083825087,-79.19232370463965
0,454,1.2299621734873278,-92.94978425594522,-422.7742918627429,-75.57125435199643
0,455,1.0780877144371868,-95.14250855906288,-393.04196684110156,-88.251175933984
0,456,1.2250140366341096,-94.25456941020374,-386.69535658489303,-76.94162400716715
0,457,1.103945017262117,-103.64236605823993,-437.08558693940006,-93.8836304685557
0,458,1.0878695837643009,-100.06941851404856,-387.15576100599566,-91.98659472377503
0,459,0.9726154167183786,-102.83708869654149,-370.48970329073865,-105.73252996905562
0,460,0.9840333774482105,-98.27428384549195,-360.1065381033913,-99.86885211184222
0,461,0.8486006672994165,-74.29230193216569,-456.9437492680246,-87.54683421189523
0,462,1.057849599693224,-102.08555579057766,-376.86178211500254,-96.50290156576362
0,463,1.017891215680504,-84.3562403521641,-361.60813008512,-82.87353211489139
0,464,1.0403535470918168,-86.72441799581532,-431.242339887504,-83.36052511979508
0,465,1.005201778856792,-97.3148148350513,-379.85675193379427,-96.81122425561827
0,466,1.0900150279257146,-99.24304218264619,-374.3270493833632,-91.04740727428731
0,467,1.0435034180165257,-90.5997051237438,-440.4601612785225,-86.8226242094676
0,468,1.0101713528652914,-90.34457650654886,-420.389514069543,-89.43490255419718
0,469,0.9976010227318853,-95.50288221340567,-406.446560471767,-95.73254240645758
0,470,1.0113330520809949,-92.58811930893808,-459.40256537499386,-91.55057190944348
0,471,1.1194187068938508,-91.58292694507864,-422.57725647934814,-81.81293235593839
0,472,1.1380952318494224,-91.71016169078138,-368.2514737103839,-80.58215088182993
0,473,1.0335596765510109,-99.46328521540191,-389.2715738890104,-96.233712935968
0,474,0.9864141923689326,-89.58339731329681,-444.79684480119454,-90.81722262952943
0,475,0.9897509291276284,-93.80580487711413,-410.49719636210256,-94.77718294217217
0,476,1.0961577012677646,-96.25387723341588,-362.0439330063725,-87.81024584518556
0,477,1.018902760364509,-94.50412226789015,-364.01301885092164,-92.75087470965494
0,478,1.07087150593654,-98.13314998332498,-384.21253613176003,-91.63858543187382
0,479,1.0233370894288176,-93.32257630124019,-414.94996176737845,-91.19436524413359
0,480,1.019187719790526,-88.05016355937347,-411.4068906710204,-86.39248869430105
0,481,1.0785913357935113,-103.77875026405647,-370.8607976475425,-96.21693297555301
0,482,0.9989955314412522,-86.73441297849733,-392.42005708960266,-86.82162256858695
0,483,1.0689244860878004,-93.0331679107754,-389.9524905588007,-87.03436877124147
0,484,1.1572483844106292,-85.45742057716674,-367.4501621097053,-73.84535742574317
0,485,1.119970857707344,-91.00391783942422,-367.95136634465945,-81.25561233415965
0,486,0.992511281919529,-93.88820099565369,-394.10800309359144,-94.59660832678169
0,487,1.0645504312280407,-94.29986018902613,-427.50266009197725,-88.58186274955898
0,488,1.0644957091315757,-89.83294669469916,-379.97359111286073,-84.3901444825791
0,489,1.0964905441023185,-92.67842070883658,-501.54154517964554,-84.52277240996284
0,490,1.0971063424283944,-84.44452472569432,-389.8425108220432,-76.9702274610684
0,491,1.0211506879446206,-93.09223751708716,-373.9248385823882,-91.16405503722851
0,492,0.8856062342905515,-78.20890682257951,-375.6973049789257,-88.31115206097405
0,493,1.2153556643047991,-92.22079324255384,-396.9551603889378,-75.87967535026502
0,494,1.092691612992897,-96.0232409138743,-399.263632860907,-87.87771386920905
0,495,1.0120196946063058,-91.82856138334871,-365.0733690297045,-90.73791930410178
0,496,1.0332659268993634,-85.15326365547305,-374.7860784299276,-82.41176006935792
0,497,1.0979930052202642,-96.84057109097196,-433.13878565903065,-88.1978032925129
0,498,0.9945372763885569,-92.0374089681488,-362.97211021509236,-92.54294550161295
0,499,1.166101829058128,-96.42872178512195,-383.9090587037985,-82.69322573913497
